0.0014592
0.0021735
0.0018355
0.0026483
0.0016242
0.0014457
0.0012012
0.0012556
0.0008064
0.0022243
0.0020119
0.0031788
0.0025655
0.0021695
0.0022841
0.0013453
0.0022847
0.0006405
0.0017232
0.0011115
0.00255
0.002347
0.0021323
0.0015505
0.0028886
0.0012249
0.002767
0.001444
0.002143
0.0011221
0.0027967
0.0042407
0.0020616
0.0013934
0.0019359
0.0022872
0.00037
0.0018067
0.0019973
0.0018655
0.0014639
0.0027649
0.0017673
0.0032207
0.0021569
0.0011397
0.0020032
0.0024213
0.0020893
0.0028109
0.0025951
0.0006062
0.0019218
0.0013857
0.0023296
0.0026241
0.0020667
0.0016789
0.0002582
0.0025972
0.0024855
0.0015078
0.0039309
0.0025231
0.0041698
0.0022964
0.0012319
0.0020551
0.001754
0.0010337
0.0019945
0.0036142
0.0014137
0.0020045
0.0012132
0.0002918
0.0019193
0.003255
0.0011334
0.001084
0.0009939
0.002704
0.0022199
0.0024402
0.0031805
0.0031737
0.0011321
0.0021401
0.0025316
0.0025414
0.0026115
0.0012784
0.0018969
0.0022543
0.0019052
0.0033542
0.0013833
0.0029773
0.0021511
0.0034979
0.0012376
0.0023535
0.0016691
0.0016602
0.0017933
0.0014937
0.0022449
0.0017869
0.0023843
0.0044233
0.0049347
0.0012929
0.0025484
0.0016073
0.0023672
0.0014556
0.0016681
0.0019177
0.0019594
0.0051484
0.0013194
0.0019413
0.0007291
0.0012114
0.0021436
0.0033687
0.002226
0.0017481
0.0015384
0.0014022
0.0019577
0.0017623
0.0015321
0.002154
0.0011223
0.0021725
0.0015964
0.0027015
0.0019665
0.001388
0.0023414
0.0022347
0.001899
0.0027339
0.0015163
0.0018162
0.0020645
0.0022949
0.0031165
0.0011598
0.0055592
0.002609
0.009016
0.0026173
0.0038801
0.0022375
0.0023976
0.0026041
0.0026393
0.0007575
0.0017297
0.001805
0.0023035
0.0013959
0.0015184
0.0020717
0.0020699
0.002423
0.0019885
0.003789
0.0024274
0.0020873
0.0013437
0.001908
0.0018683
0.0035163
0.0017517
0.0020543
0.0011918
0.0023574
0.0013967
0.0025084
0.0013182
0.0017731
0.0012004
0.0009495
0.0003259
0.0004582
0.002315
0.0177627
0.0013454
0.001564
0.0013946
0.0030906
0.0023387
0.0022355
0.0013583
0.0025537
0.0032898
0.0011875
0.0013068
0.00239
0.001099
0.0013894
0.0020558
0.0016858
0.0015444
0.0023484
0.0019
0.0033392
0.0030261
0.0053712
0.0022026
0.0016848
0.0016216
0.0012636
0.0006235
0.0038017
0.0021748
0.0032272
0.0019996
0.0027646
0.0026404
0.0021758
0.0012668
0.0016527
0.0032272
0.001599
0.0015361
0.001228
0.0019211
0.0017774
0.0028816
0.0014993
0.0011071
0.0003071
0.0013632
0.0018536
0.0027644
0.0011459
0.0022046
0.0014947
0.001895
0.0017944
0.001929
0.0021102
0.0010761
0.0024222
0.0033882
0.0015046
0.0027017
0.0030294
0.0024491
0.0022143
0.0026694
0.0021285
0.0020616
0.00214
0.0021238
0.000674
0.0014095
0.0026367
0.0015494
0.0023797
0.0032049
0.0026645
0.0078416
0.0002501
0.0021133
0.0008491
0.0015113
0.0014959
0.0011197
0.002125
0.0028809
0.0006
0.001357
0.0027505
0.0010993
0.0010634
0.0003418
0.000747
0.0012292
0.0012038
0.0015019
0.002357
0.0033387
0.0024428
0.0031645
0.0019385
0.0014553
0.0022549
0.0006185
0.0036308
0.0028366
0.0026657
0.0016111
0.0013051
0.0016847
0.0013202
0.0016095
0.0002863
0.0028248
0.0029057
0.002568
0.0018757
0.0019465
0.0018531
0.0008858
0.002886
0.0024795
0.0019818
0.0020755
0.001455
0.0013874
0.0019081
0.0033376
0.0145307
0.0021889
0.0014771
0.0021366
0.0018055
0.0012798
0.024409
0.0024172
0.0018282
0.002753
0.0032852
0.0028965
0.001532
0.003459
0.0029601
0.0019038
0.0024456
0.0043863
0.0026434
0.0014609
0.0020364
0.0031052
0.0024424
0.0015711
0.0012825
0.0023078
0.0024759
0.0018613
0.0029114
0.0031359
0.0027096
0.0017122
0.0016436
0.0014585
0.0023486
0.0017349
0.0027578
0.0080409
0.0027199
0.0022686
0.0015346
0.0037523
0.0014454
0.002648
0.0041877
0.00123
0.0021082
0.0015525
0.0032461
0.0047682
0.0020948
0.0015609
0.001481
0.0015418
0.0038358
0.0024393
0.0024913
0.0040307
0.0016293
0.0028368
0.0021636
0.0018805
0.0025129
0.0013955
0.0022307
0.0021681
0.0017008
0.0024321
0.0014416
0.0035638
0.0025827
0.0020104
0.0025432
0.0021152
0.0026845
0.0016189
0.0040826
0.0032366
0.0040176
0.0022992
0.0024655
0.0035388
0.0034844
0.0014423
0.0030418
0.0016489
0.001402
0.0021422
0.0040568
0.0020383
0.002713
0.0008539
0.003362
0.0026436
0.0003298
0.002819
0.0018098
0.0022742
0.0008948
0.0024098
0.0023686
0.0031809
0.0246971
0.0026082
0.0031823
0.0035812
0.0022568
0.0044601
0.0018946
0.0044545
0.0030153
0.002828
0.0044917
0.0018488
0.0021757
0.0077014
0.0026407
0.0020806
0.0024445
0.0016516
0.0021572
0.0008586
0.0033475
0.0022592
0.0023996
0.0029378
0.0030878
0.002331
0.0079131
0.0034702
0.00168
0.0014331
0.0008739
0.0120394
0.0034395
0.0026257
0.0006975
0.0008054
0.0021571
0.0009141
0.0007731
0.0004474
0.0015224
0.0017658
0.0019835
0.0025221
0.0021872
0.0015253
0.0072199
0.002676
0.0017961
0.0013428
0.0015973
0.0022156
0.0019864
0.0017099
0.0017206
0.0014816
0.0019896
0.0016837
0.0028672
0.0002629
0.0003056
0.0035625
0.0017978
0.0020425
0.0041945
0.0035965
0.0021497
0.0031151
0.0021467
0.0023588
0.0030414
0.0015329
0.0014875
0.0029134
0.002075
0.0023397
0.0011321
0.0002138
0.0015812
0.0020392
0.0022183
0.0016857
0.0019728
0.0012578
0.0009765
0.0013984
0.0005237
0.0026511
0.0020353
0.0022337
0.0018269
0.0031413
0.0034571
0.0016426
0.0015232
0.0018067
0.0034136
0.0012277
0.0024855
0.0024268
0.0016523
0.0031835
0.0013592
0.0010299
0.0023868
0.0032026
0.0020343
0.0026659
0.001831
0.0023924
0.0037484
0.0031107
0.0021188
0.0025745
0.0030595
0.0050835
0.0022011
0.0018661
0.0011504
0.0013794
0.0015956
0.0017143
0.0019749
0.0025237
0.0021374
0.0015128
0.0027196
0.0020847
0.0017334
0.0017771
0.0022266
0.0024513
0.0017876
0.0018962
0.0010984
0.0016741
0.0016197
0.0020935
0.0009828
0.0020005
0.0025353
0.0018923
0.0015643
0.0016831
0.0032543
0.0012243
0.0021394
0.0023445
0.0018569
0.0024587
0.002329
0.0028903
0.0025898
0.0029729
0.0023807
0.0017923
0.0020212
0.0027281
0.0105191
0.0024104
0.0031608
0.0025265
0.0027048
0.0011309
0.0018032
0.0013588
0.0022104
0.0014271
0.0030498
0.0029558
0.0040123
0.0013662
0.0013653
0.0028269
0.002202
0.0009726
0.0090526
0.0023952
0.0017443
0.0041016
0.0019197
0.0021139
0.0015897
0.0036379
0.0013771
0.0024127
0.0008488
0.0025216
0.0017326
0.0014425
0.0014194
0.0047419
0.0019331
0.0036739
0.0020048
0.0015097
0.0045808
0.0040801
0.0018045
0.005219
0.0025162
0.0030701
0.0054806
0.0044214
0.0015949
0.002191
0.0034358
0.0012913
0.0029507
0.0015404
0.0045391
0.000771
0.0021062
0.001513
0.0034334
0.0042542
0.0019241
0.0010939
0.0036319
0.0018613
0.0012824
0.0015148
0.0021454
0.0020159
0.0038088
0.0016625
0.0032082
0.001323
0.0003287
0.0035099
0.0014709
0.0022476
0.0017548
0.0024882
0.0050248
0.0024488
0.002889
0.0018153
0.001586
0.0041695
0.0014465
0.0015286
0.0029164
0.0022521
0.0016976
0.0018872
0.0078008
0.0018027
0.0019906
0.0019131
0.0017965
0.0033544
0.001614
0.0018479
0.0023828
0.003521
0.0013353
0.0026206
0.0023626
0.003059
0.0040048
0.0022072
0.0019796
0.0026996
0.0031383
0.0046111
0.0075011
0.0044634
0.0021072
0.0012668
0.0036216
0.0016335
0.0018463
0.0015578
0.002524
0.0017353
0.0034932
0.0148065
0.0072907
0.0195283
0.0476695
0.0069238
0.0454764
0.0113246
0.0134843
0.0173727
0.0086545
0.0069746
0.0140577
0.0228915
0.0136156
0.0060977
0.0143485
0.0019742
0.001771
0.0018735
0.0010891
0.0030621
0.0033132
0.0013257
0.0024476
0.0010763
0.0020183
0.0025903
0.0025262
0.0022954
0.0034999
0.0030397
0.003198
0.0026538
0.0020542
0.0014188
0.0035618
0.0017147
0.0009484
0.002611
0.0022225
0.0021806
0.0047987
0.0031086
0.0034126
0.0004014
0.0040144
0.0089813
0.0021677
0.0019067
0.0037437
0.0016749
0.0028388
0.0029552
0.0038231
0.0029945
0.0032072
0.0020493
0.00208
0.0020043
0.00172
0.0004953
0.0033456
0.0028213
0.0025826
0.0016489
0.0022673
0.0032706
0.0024621
0.0073279
0.0105049
0.006301
0.0025779
0.0028864
0.0133206
0.0200298
0.0361506
0.013618
0.0269358
0.0229561
0.0196881
0.0236226
0.0024574
0.0025552
0.0013394
0.0033002
0.0032121
0.0041746
0.0010404
0.0014109
0.0055083
0.0031935
0.0123546
0.0021529
0.0024865
0.0027412
0.001544
0.0074854
0.0288705
0.0029317
0.002561
0.001811
0.0023775
0.0020329
0.002787
0.001172
0.0041375
0.0030466
0.0013436
0.0027223
0.0066367
0.0023005
0.0014302
0.002343
0.0019844
0.0011767
0.0012075
0.0024697
0.0017113
0.0017536
0.0011185
0.0025735
0.0024356
0.0019793
0.0030314
0.0019397
0.0031185
0.0021621
0.0018606
0.0003305
0.0014521
0.0027681
0.0020808
0.0029731
0.0019091
0.0012739
0.002983
0.0013428
0.0022966
0.0029394
0.0029613
0.0035177
0.0020641
0.0027031
0.00434
0.0026574
0.0158663
0.0012036
0.0020995
0.0029731
0.0039923
0.0026178
0.0021414
0.0008291
0.0033918
0.0025141
0.0030007
0.0023237
0.0042142
0.0021618
0.002836
0.0030422
0.0023715
0.002455
0.0023827
0.0028911
0.0003737
0.0031268
0.0008021
0.001526
0.0029798
0.0040875
0.0024629
0.0027569
0.0028734
0.0042907
0.0009218
0.0032526
0.0054995
0.0031111
0.0021995
0.003416
0.0021125
0.0023613
0.0016113
0.0038459
0.0022052
0.001712
0.0038105
0.0018909
0.0032118
0.0016808
0.0024033
0.0018705
0.00209
0.0012801
0.0013849
0.0022445
0.0021433
0.0026001
0.0027712
0.0020844
0.001882
0.001617
0.00272
0.0046544
0.0024787
0.0040532
0.0026189
0.0030612
0.0025204
0.0016346
0.001714
0.0029402
0.0021715
0.0023506
0.0034472
0.0022312
0.0017604
0.005182
0.001669
0.0031445
0.0032195
0.002961
0.002062
0.0029415
0.0021744
0.0015656
0.0043098
0.0027156
0.0025624
0.0021013
0.0013153
0.0034874
0.0022341
0.0019257
0.0023964
0.0032559
0.0021531
0.002247
0.0020115
0.0021093
0.0024171
0.0026789
0.0009661
0.0023638
0.002169
0.0018037
0.0026808
0.0027303
0.0014983
0.0022231
0.003209
0.000316
0.0022347
0.0015203
0.0023098
0.0026681
0.001426
0.0014139
0.0030932
0.0031946
0.0034793
0.0095813
0.0034439
0.0023677
0.0029298
0.0030632
0.002467
0.0022069
0.0024096
0.0025447
0.0015767
0.001527
0.0017621
0.0016389
0.0032561
0.0047379
0.0013611
0.0008767
0.0018674
0.0015401
0.0020921
0.001941
0.0021384
0.0017095
0.0018765
0.0018265
0.0021773
0.0017837
0.0027867
0.0018069
0.0011203
0.0027114
0.0048815
0.0028754
0.0020877
0.0021951
0.0015066
0.0023436
0.0024906
0.0014214
0.001221
0.0038338
0.00367
21.0001
