0.0025076
0.0029786
0.0019275
0.0026838
0.002875
0.0021296
0.0031261
0.0023227
0.00164
0.0030194
0.0026693
0.004275
0.0015446
0.0018812
0.003606
0.0019285
0.0023078
0.0013309
0.001212
0.0015316
0.0032355
0.0023947
0.0028798
0.001808
0.0025513
0.0030046
0.0020708
0.0015576
0.0017008
0.0025066
0.0034474
0.0045763
0.0023082
0.0023764
0.0033903
0.0220142
0.0065701
0.0024819
0.0024204
0.0070341
0.0029861
0.0039116
0.0032205
0.003925
0.0025327
0.0030485
0.002501
0.0026502
0.0024421
0.0031505
0.0043103
0.0012692
0.0022949
0.0035592
0.0034541
0.0157998
0.0026867
0.0027581
0.0013352
0.0037909
0.0031844
0.0036338
0.0044547
0.0024484
0.0033098
0.0018612
0.0023744
0.0036011
0.0025644
0.0019061
0.0025165
0.0030952
0.0026762
0.0022223
0.0035511
0.0010654
0.0027
0.01073
0.0022063
0.0023629
0.0026934
0.0039327
0.0028204
0.0172235
0.0035437
0.002585
0.0024362
0.0024535
0.0032587
0.0042017
0.0041971
0.0029486
0.0208715
0.0029959
0.0029345
0.0046561
0.0022547
0.0029411
0.0023704
0.0050036
0.0023031
0.0058179
0.0031531
0.0123057
0.002107
0.0109714
0.0029666
0.0023251
0.0025247
0.0022625
0.0034049
0.0034147
0.0033233
0.0034332
0.003273
0.0024686
0.0018626
0.0031762
0.0029394
0.0073251
0.0027338
0.0021237
0.0013806
0.0021665
0.0034855
0.0048596
0.0173471
0.0022791
0.0029469
0.0019672
0.0016793
0.0053957
0.0045197
0.0022308
0.0019614
0.0019054
0.0033648
0.0036957
0.0021076
0.0029515
0.0035286
0.0025231
0.0034871
0.0036067
0.0023828
0.0037706
0.0028136
0.0041905
0.0042308
0.0037862
0.0039238
0.0029697
0.003285
0.0034711
0.0050514
0.0029621
0.0035681
0.0029237
0.0027932
0.0015487
0.0020059
0.0024547
0.0039229
0.0028649
0.002149
0.0049124
0.0036908
0.0030365
0.0042274
0.0027626
0.0019499
0.0031141
0.0022998
0.0022135
0.0030898
0.0041091
0.0034136
0.0029111
0.0338297
0.0299396
0.0032866
0.0028817
0.0037584
0.0041258
0.0035669
0.0022106
0.0013185
0.0010885
0.0033607
0.0039732
0.0028742
0.0026695
0.0031993
0.0025511
0.0032074
0.0040945
0.0030921
0.0042196
0.0037787
0.0023436
0.0047001
0.0021209
0.0035533
0.0027049
0.0031893
0.0024415
0.0031292
0.0042631
0.0027205
0.0029824
0.0042498
0.0027251
0.0022125
0.0024224
0.0028317
0.0025169
0.0011709
0.0039512
0.0023272
0.0050853
0.004164
0.0042295
0.0038132
0.0032208
0.0024259
0.002959
0.0035784
0.0018816
0.0022022
0.0015475
0.0190958
0.0028878
0.0400663
0.0049109
0.0306053
0.0045368
0.0063745
0.0034635
0.0143398
0.020192
0.0093078
0.0122359
0.0028905
0.0028103
0.0029172
0.0014975
0.0026906
0.0031913
0.0156451
0.0279419
0.0417446
0.0536568
0.0587486
0.0054345
0.0029194
0.0114929
0.0030742
0.0065834
0.0043784
0.0029975
0.0027837
0.002503
0.0023421
0.0026895
0.0027899
0.0171784
0.0076
0.0007504
0.0039774
0.0014508
0.0025084
0.0028158
0.0017461
0.0033231
0.0027298
0.0009409
0.002871
0.0046926
0.0042304
0.0031405
0.0008663
0.0090547
0.0034351
0.0010348
0.0018729
0.0030426
0.0038506
0.0030738
0.004689
0.003167
0.002086
0.0026209
0.0012718
0.0050251
0.0031895
0.0035085
0.0024838
0.0019475
0.0018424
0.0025978
0.0036039
0.0012415
0.0044886
0.0046271
0.0035377
0.002839
0.0024325
0.0029547
0.0009386
0.0040244
0.0023985
0.0023044
0.0026592
0.002414
0.0033858
0.0028128
0.0042007
0.002996
0.0020752
0.0027669
0.0048544
0.0025782
0.0019143
0.0032274
0.0038438
0.0023654
0.0026066
0.0034814
0.0028827
0.0022537
0.004444
0.003899
0.0019916
0.0028278
0.0040808
0.0030236
0.002939
0.003843
0.0046772
0.0034364
0.0036309
0.0031844
0.0027531
0.0030757
0.0148048
0.0040583
0.0032303
0.002143
0.0027216
0.0022021
0.0029818
0.0043772
0.061003
0.0036712
0.006178
0.0026011
0.0027938
0.0020494
0.004095
0.0019136
0.0024218
0.0039318
0.0023681
0.0027399
0.0036308
0.0028333
0.0039933
0.0033931
0.0022262
0.0063512
0.0033492
0.0029239
0.0027771
0.0032382
0.0046325
0.0026608
0.0040236
0.0028999
0.0026348
0.0040829
0.0024069
0.0039694
0.002568
0.0037327
0.0033628
0.0031427
0.0024686
0.0035052
0.0023313
0.0025459
0.0034198
0.0040284
0.0024233
0.0039039
0.0272485
0.0078568
0.0295653
0.0036363
0.006496
0.0043895
0.0029148
0.0038223
0.0025873
0.0032901
0.003407
0.0054709
0.0186877
0.003033
0.0012756
0.0029862
0.0035524
0.0012216
0.0040719
0.0038335
0.0051938
0.001712
0.0025955
0.0031938
0.0114316
0.0401058
0.0082632
0.0045007
0.0024135
0.0028209
0.0085702
0.0016171
0.0048411
0.0034511
0.0030378
0.0047299
0.0042936
0.0036949
0.0040032
0.0042251
0.0033385
0.004394
0.0032082
0.0026027
0.0193827
0.0022462
0.0033334
0.0029484
0.0068071
0.0040177
0.0023335
0.0032509
0.0049033
0.0020697
0.0093841
0.0011475
0.0037555
0.0064516
0.0045276
0.0012497
0.0014011
0.0024543
0.0017121
0.0009327
0.0005192
0.0029033
0.0023028
0.0022375
0.0020655
0.0019586
0.0020754
0.0042387
0.0114922
0.0021186
0.0021717
0.0035086
0.0019255
0.0025369
0.002766
0.0016846
0.0024431
0.0299886
0.0036202
0.0040258
0.0009047
0.000853
0.0045548
0.0016541
0.0023516
0.0066768
0.0047804
0.0030201
0.0039886
0.0027191
0.0022877
0.0026912
0.002616
0.0018677
0.0025699
0.0046474
0.0033239
0.0032824
0.0006532
0.0029546
0.0036562
0.0035462
0.0033952
0.003256
0.0057622
0.0023339
0.0029808
0.0007699
0.0037402
0.0020464
0.002252
0.0040933
0.0031645
0.0041969
0.0025597
0.0049565
0.0028994
0.0031248
0.0026713
0.0020274
0.0032569
0.0080417
0.004018
0.0022305
0.0017784
0.0036764
0.004812
0.0029033
0.0030065
0.0036515
0.0024541
0.0040891
0.0110451
0.0022889
0.0022508
0.0034885
0.0039166
0.0043024
0.0036152
0.0038281
0.0019015
0.0015096
0.0029244
0.0040531
0.0023443
0.0041937
0.0035366
0.0040048
0.0033157
0.0027672
0.0035018
0.0028023
0.0029542
0.0026374
0.00288
0.0007359
0.0032484
0.002566
0.0028945
0.0013059
0.0032649
0.0029807
0.0018086
0.0035156
0.0032126
0.004277
0.0026138
0.0030261
0.0037844
0.0027931
0.0028287
0.0030865
0.0035006
0.0035058
0.0031862
0.0033857
0.0034503
0.0063107
0.0034654
0.0030548
0.0038731
0.0042283
0.0035125
0.0024725
0.0019908
0.0022016
0.0048403
0.0027058
0.0032669
0.0039229
0.0032393
0.0042712
0.0027057
0.0025237
0.0024649
0.00165
0.0015219
0.0023745
0.0037806
0.0022399
0.0047461
0.0029627
0.0023486
0.0012649
0.0032187
0.0023871
0.0039294
0.0017251
0.0033242
0.0208498
0.0030331
0.0025131
0.0050711
0.0019426
0.0031448
0.003132
0.0020808
0.0032171
0.0033619
0.002123
0.005576
0.0022406
0.0030206
0.0036769
0.0031476
0.0022048
0.0032464
0.0045469
0.0017968
0.0040315
0.0030515
0.0082382
0.0012993
0.0013376
0.0026096
0.0030814
0.0033672
0.002894
0.0031744
0.0037673
0.0023203
0.0027068
0.0027748
0.0030273
0.0028841
0.0045196
0.0029172
0.0026418
0.0028685
0.000803
0.0049061
0.0149521
0.0043743
0.0026436
0.008318
0.0070674
0.0021923
0.0046148
0.0034024
0.0021019
0.0042055
0.0019148
0.001384
0.003204
0.0025211
0.0176942
0.0033287
0.0051469
0.0028314
0.0042093
0.0028133
0.0021546
0.0040524
0.0028554
0.0042842
0.0031547
0.002609
0.0024805
0.0028503
0.0036343
0.0049086
0.0036186
0.003909
0.0020485
0.0046092
0.0028701
0.0036872
0.0062522
0.0031044
0.0030652
0.002596
0.0058899
0.0034328
0.0027978
0.0027949
0.003757
0.0030403
0.0029544
0.0044531
0.0031411
0.0021077
0.0027195
0.0154525
0.0029727
0.0026821
0.0021543
0.0053895
0.0032182
0.0024266
0.0019077
0.0031302
0.0033467
0.0034336
0.0040666
0.0025561
0.002952
0.0018362
0.0022489
0.0035129
0.0028194
0.0023642
0.0049531
0.0011778
0.0011966
0.002712
0.0023728
0.0033622
0.0037137
0.0041831
0.0045369
0.0046736
0.0022665
0.0022632
0.0042163
0.0022708
0.0011533
0.003245
0.0026382
0.0030539
0.0049222
0.0022281
0.0032212
0.0010444
0.0036691
0.0029815
0.0016343
0.0026889
0.0037351
0.0036977
0.0038182
0.0038623
0.0037149
0.0054992
0.003527
0.0029037
0.0031674
0.0022306
0.0029833
0.0011695
0.0035283
0.0026917
0.0044566
0.0028657
0.0026408
0.0038461
0.0070755
0.0024365
0.0025188
0.0038884
0.0041838
0.0028984
0.0013739
0.0041376
0.0036157
0.0044518
0.0012429
0.0036774
0.0024981
0.0462111
0.0027446
0.0034495
0.0020506
0.0030009
0.0037839
0.0044032
0.0012182
0.0024735
0.0070057
0.0060046
0.0027162
0.0024228
0.0026176
0.0028752
0.0035374
0.0023961
0.0021976
0.0022423
0.0030391
0.0019708
0.0031901
0.0023218
0.0025997
0.0026081
0.0031603
0.0034497
0.0019955
0.0020869
0.0044824
0.0025057
0.002697
0.0042563
0.0026004
0.0035605
0.002639
0.0032303
0.0026636
0.003116
0.0026336
0.0046498
0.0092367
0.0023856
0.0031606
0.0029941
0.0020949
0.0021677
0.0033727
0.0004785
0.0024812
0.0051166
0.005294
0.0055427
0.0041442
0.0024592
0.0031354
0.0022002
0.0022169
0.0035392
0.0034511
0.0034651
0.0024247
0.0044598
0.0048309
0.0033407
0.0024585
0.0024982
0.0022
0.0055457
0.0035336
0.0031197
0.0025743
0.0011729
0.0031961
0.0031443
0.0038221
0.0026096
0.0033874
0.0023557
0.0035715
0.0038275
0.0031277
0.0020392
0.0024594
0.0023962
0.0011237
0.008678
0.0010652
0.0022614
0.0071266
0.0040846
0.002534
0.0036554
0.003768
0.0043369
0.0009991
0.0039578
0.009092
0.0024558
0.0017989
0.0085747
0.0025448
0.0021778
0.0039515
0.0043518
0.0032097
0.0041072
0.00528
0.0033609
0.0028249
0.0039013
0.0035639
0.0031173
0.0022785
0.0042634
0.0018543
0.0028697
0.0029327
0.0025918
0.0026271
0.0030801
0.0036521
0.0023585
0.0030036
0.0027155
0.0032987
0.002891
0.003207
0.0026875
0.004007
0.0024484
0.0026402
0.0019448
0.0027134
0.0028207
0.0036022
0.0032316
0.0035585
0.0047644
0.0013505
0.0029833
0.0027828
0.0040681
0.0030533
0.0036994
0.0036912
0.0026327
0.0048954
0.0019963
0.0032061
0.0022217
0.0022191
0.0029267
0.0608786
0.0029386
0.0028177
0.0035905
0.0024104
0.0029807
0.0030985
0.0024442
0.0029384
0.0034173
0.0009438
0.0036277
0.003072
0.0024022
0.0037882
0.0036998
0.0024743
0.0018779
0.0051748
0.0045682
0.0024448
0.0040217
0.0026281
0.0026362
0.0027953
0.0022133
0.0024772
0.0033503
0.0040611
0.0037909
0.0038572
0.0020084
0.0027253
0.0023248
0.0028468
0.0024517
0.0035181
0.0054182
0.0028172
0.0017236
0.003578
0.0030422
0.00567
0.0042315
0.0014904
0.0020284
0.0030821
0.0028649
0.0133791
0.0023117
0.0024637
0.0028143
0.0030206
0.003422
0.0039828
0.0059205
0.0029246
0.0022574
0.0006356
0.0022567
0.0060131
0.0034709
0.0019458
0.003105
0.0026566
0.0028906
0.0031949
0.0026876
0.0017987
0.0064353
0.0042398
35.7401
