0.000988
0.0030614
0.0024043
0.003648
0.0017865
0.001063
0.0011217
0.0011515
0.0011263
0.0029934
0.0027516
0.0045761
0.0025849
0.002631
0.0035199
0.0015702
0.002971
0.0007099
0.0023317
0.0009497
0.0045898
0.003031
0.0026733
0.0022551
0.0028203
0.000945
0.0025811
0.0021648
0.0025741
0.0010214
0.0038054
0.0048975
0.00289
0.00183
0.0022057
0.0027319
0.0002778
0.0032462
0.0024421
0.0016831
0.0015189
0.0041133
0.0017009
0.0038286
0.0036591
0.001966
0.0031665
0.0027404
0.0024723
0.0035695
0.0042743
0.0007787
0.0021648
0.0013802
0.0013706
0.0038323
0.002595
0.0019573
0.0004937
0.0014757
0.0017904
0.0010844
0.0038893
0.0032467
0.0043629
0.0013406
0.001029
0.0026444
0.0012866
0.0011208
0.0027568
0.0053096
0.0020614
0.0028231
0.0010796
0.0004109
0.0017947
0.0045022
0.0014158
0.0011549
0.0013476
0.0051575
0.0024586
0.0033379
0.0038161
0.004752
0.00137
0.0028823
0.0032224
0.0017418
0.0039845
0.0012739
0.0010659
0.0057804
0.0018824
0.0059174
0.0021886
0.0042469
0.0033587
0.0053974
0.0019414
0.00151
0.0015546
0.0015865
0.0029918
0.002923
0.0025909
0.0030655
0.0031628
0.0038759
0.0049915
0.0010781
0.00398
0.0011386
0.002573
0.0014255
0.0011209
0.0029342
0.0019683
0.0057186
0.0010734
0.0022927
0.0005558
0.0020767
0.002793
0.0061126
0.003115
0.0024588
0.0014282
0.001087
0.0010204
0.0032233
0.0014932
0.0033674
0.0017064
0.0033442
0.0015242
0.0041741
0.002388
0.0019279
0.0035767
0.0036959
0.0032366
0.0020614
0.0018522
0.0022829
0.0014156
0.0032088
0.0045479
0.0013735
0.0029083
0.0016368
0.0012188
0.0029374
0.0047059
0.0011845
0.0021254
0.0049141
0.0032205
0.0007184
0.0031199
0.0010308
0.0010674
0.0019555
0.0021984
0.0020927
0.0017629
0.001314
0.0012427
0.0045083
0.0023826
0.0014397
0.0010868
0.0023357
0.0025825
0.0054902
0.0010819
0.0031901
0.001192
0.0031474
0.001133
0.0040565
0.0013613
0.0022596
0.0011521
0.0011867
0.0003774
0.0005097
0.0020839
0.0031971
0.0015102
0.0017623
0.0010777
0.0038845
0.0023545
0.0036172
0.0013158
0.0030346
0.0035641
0.0010701
0.0017231
0.0029858
0.0011655
0.001054
0.001523
0.0012015
0.0029074
0.0012726
0.0024258
0.0109311
0.0026597
0.0064936
0.0082891
0.0058204
0.002041
0.0012843
0.0054725
0.0059589
0.0043114
0.0052512
0.0010752
0.0096477
0.0036946
0.003377
0.0013627
0.0022944
0.0047482
0.0022116
0.0011264
0.0021404
0.0024249
0.0031811
0.0042729
0.0023287
0.0011114
0.0003145
0.002659
0.0036004
0.004125
0.0011324
0.0048636
0.0013829
0.0027384
0.0024087
0.0019047
0.0023014
0.0013934
0.0039651
0.0046483
0.0012596
0.0072531
0.0022176
0.0025708
0.0035893
0.0039431
0.0026256
0.0030366
0.0039833
0.002242
0.0003947
0.0016435
0.0023744
0.0015418
0.0033545
0.0043796
0.0036836
0.0031935
0.0004106
0.0024341
0.0010891
0.0014143
0.001831
0.0008053
0.0024262
0.004355
0.0006792
0.0011488
0.004366
0.0010441
0.0010605
0.0002752
0.0010693
0.0010828
0.001076
0.0025286
0.0010948
0.0049875
0.0016278
0.0047199
0.0018767
0.0017704
0.0034941
0.0010711
0.005345
0.0022552
0.0040291
0.002573
0.0011092
0.0022788
0.0012105
0.0014612
0.000541
0.0031684
0.0042108
0.003417
0.0023767
0.0027574
0.0022216
0.0001718
0.0044649
0.0036254
0.0020894
0.001293
0.0034454
0.0012402
0.0020585
0.0046549
0.0011755
0.00113
0.00102
0.0019967
0.0029416
0.001264
0.0034765
0.0035238
0.0010574
0.0026477
0.0040053
0.0018435
0.0011663
0.0048926
0.0036892
0.0021825
0.0030536
0.0041147
0.0035374
0.001177
0.0020119
0.0038189
0.0011019
0.0014184
0.0012645
0.0017506
0.0020249
0.001682
0.0020501
0.0044276
0.0034086
0.0023056
0.0011144
0.0013655
0.002929
0.001241
0.004315
0.0069043
0.0027878
0.0035376
0.0015506
0.0043712
0.0023761
0.0471545
0.0052751
0.0048612
0.0027751
0.0064022
0.0059263
0.0072651
0.0042321
0.0016411
0.0021912
0.0010566
0.0041736
0.0033489
0.0012377
0.0039365
0.0010573
0.0035331
0.0013965
0.0024994
0.0032354
0.0031392
0.0013207
0.0021544
0.0020691
0.0010854
0.0012032
0.0034343
0.0018886
0.0017181
0.0012747
0.0013206
0.0020328
0.0017496
0.0043072
0.0017063
0.0042434
0.0029233
0.0025783
0.0034738
0.0046574
0.0013642
0.0046301
0.0012605
0.0015384
0.0026689
0.0049874
0.0016604
0.0034501
0.0007407
0.0063872
0.0029721
0.0003869
0.0042571
0.0011729
0.0030598
0.0013027
0.0037428
0.0014756
0.0035822
0.0012034
0.0025818
0.0036503
0.0046532
0.0016829
0.0047651
0.0027196
0.0049832
0.0025238
0.0037405
0.006417
0.0019683
0.001616
0.0125622
0.0023816
0.0018717
0.0036814
0.0011193
0.0011009
0.001011
0.0030134
0.00172
0.0038554
0.0038244
0.0032204
0.0023501
0.0010129
0.0041171
0.0017405
0.0012791
0.000536
0.0051338
0.0045068
0.006028
0.0117635
0.0008935
0.0037157
0.0094782
0.0008811
0.0008121
0.001654
0.0018071
0.0015074
0.0014575
0.0024886
0.0020839
0.0050063
0.0032904
0.0011283
0.0020823
0.0014901
0.0028394
0.0021102
0.001152
0.002352
0.0011226
0.0028882
0.0016577
0.0038273
0.0001535
0.0002845
0.0045608
0.0027858
0.0010816
0.005032
0.0126037
0.0021604
0.0041895
0.003232
0.0015095
0.0030912
0.001242
0.0011072
0.0027303
0.0024072
0.0032247
0.0009626
0.0002518
0.0027341
0.0016595
0.0036747
0.009299
0.0051123
0.001054
0.0008473
0.0040812
0.0007423
0.0041304
0.0033934
0.0028394
0.0018756
0.0039769
0.004093
0.0017624
0.001191
0.0015059
0.001312
0.0011768
0.0015533
0.0029702
0.0162424
0.0032592
0.001429
0.0013859
0.0035056
0.004698
0.0010621
0.0015652
0.0024101
0.0029694
0.0036606
0.0039384
0.0018653
0.0025824
0.0042976
0.0019103
0.0029125
0.0027072
0.0017831
0.0021379
0.0022982
0.0011446
0.0025587
0.0025138
0.0017778
0.0016752
0.0017283
0.0034026
0.0010804
0.0015349
0.0119325
0.0031676
0.0012176
0.0015539
0.0004971
0.0014151
0.0024882
0.0034852
0.0011292
0.0014154
0.0036244
0.0025813
0.0014414
0.0013118
0.0043038
0.0011179
0.0013218
0.0031659
0.0025913
0.0030715
0.0035415
0.0014981
0.0036934
0.0027038
0.0034827
0.0012331
0.0013397
0.0032078
0.0020428
0.0039491
0.0049903
0.005716
0.0043279
0.0012824
0.0013455
0.0017868
0.0033646
0.0020014
0.0043698
0.0039248
0.0044298
0.0014168
0.0010544
0.0031436
0.0025646
0.0008063
0.0030128
0.0010816
0.0020525
0.0050605
0.0026626
0.0011786
0.0012142
0.0049106
0.0079378
0.0129294
0.0012279
0.0042397
0.0043136
0.0017722
0.0020513
0.0039193
0.0025929
0.0060839
0.0020754
0.0028933
0.0046206
0.0058608
0.0014962
0.0060571
0.0028784
0.004391
0.00316
0.0019379
0.0010346
0.0017261
0.002938
0.0011293
0.0031614
0.0013911
0.0055019
0.0008063
0.0087149
0.0033422
0.0045634
0.0074079
0.0040551
0.0022674
0.0078582
0.0188568
0.0034235
0.004029
0.0019933
0.0031757
0.0118744
0.0020802
0.0094715
0.0022223
0.0002809
0.0075519
0.003054
0.0054776
0.0028465
0.0080467
0.0092934
0.0114583
0.0052807
0.0025137
0.0023811
0.0106664
0.0029751
0.0013812
0.0037478
0.0082422
0.0069034
0.0018359
0.0089961
0.0037817
0.00221
0.0041448
0.003013
0.0096857
0.0017959
0.0050206
0.0072265
0.0074426
0.0019512
0.0082381
0.0036334
0.0066575
0.0144718
0.0048994
0.006301
0.0032625
0.0047069
0.0086951
0.0157151
0.0053476
0.0075423
0.0029128
0.0088521
0.0026869
0.0039036
0.0035273
0.0055504
0.0031992
0.0024209
0.0284935
0.00764
0.0034957
0.0060274
0.0050188
0.0046576
0.0039381
0.0019147
0.0069903
0.0081525
0.0046123
0.0035053
0.007862
0.0048304
0.0039936
0.0050563
0.0022966
0.0021607
0.0036588
0.0027735
0.0112676
0.0077592
0.0021934
0.0047229
0.0026096
0.0023025
0.0059993
0.0025868
0.0053576
0.0070252
0.0101109
0.0050175
0.009107
0.0038102
0.0018634
0.0071511
0.0019708
0.0015514
0.020031
0.0036408
0.0054002
0.0063181
0.0054421
0.0183761
0.0004193
0.0105474
0.002208
0.0044402
0.0018034
0.0052019
0.0031173
0.0018444
0.0056249
0.0065417
0.0057474
0.0068449
0.0035694
0.0020457
0.0021701
0.0068282
0.0007009
0.005289
0.0037811
0.0053175
0.0023881
0.0034414
0.0070318
0.0038963
0.006338
0.0020184
0.0049098
0.0084812
0.005874
0.002782
0.0062083
0.0085957
0.0051708
0.0007824
0.0033336
0.0042163
0.0026133
0.0072156
0.0035569
0.0032384
0.0036456
0.0043584
0.0075706
0.0011577
0.0024008
0.0092449
0.0061199
0.005862
0.0034214
0.0031645
0.0036901
0.0035061
0.0038278
0.0035946
0.0060968
0.0048297
0.0032814
0.0046194
0.0037826
0.0032491
0.0037821
0.0109585
0.0049671
0.0019734
0.0045515
0.0151156
0.0018184
0.0017627
0.0055951
0.0035106
0.0018853
0.002827
0.0039942
0.0026979
0.002376
0.0038114
0.0040392
0.0043365
0.0047866
0.0072347
0.0061718
0.0098092
0.003681
0.0029184
0.0003785
0.0024772
0.00743
0.0057905
0.0065535
0.0034902
0.0034352
0.0042728
0.0026853
0.0062704
0.0056789
0.0045076
0.0063186
0.0021103
0.0045478
0.0091476
0.0082481
0.0060239
0.0031456
0.0075052
0.0050988
0.0056222
0.0053267
0.0035937
0.001602
0.0116741
0.0047169
0.0090309
0.0044963
0.0081549
0.0026912
0.0044297
0.0044094
0.0020217
0.0051382
0.0036641
0.0061967
0.0006444
0.0063547
0.0009021
0.0035609
0.0020826
0.0097066
0.0028169
0.0040286
0.0054636
0.0095452
0.0011268
0.0065221
0.0050625
0.0048727
0.0058264
0.0141408
0.0068276
0.0060484
0.0023181
0.0052063
0.0031771
0.0039267
0.0075263
0.002563
0.0061342
0.0031119
0.0034215
0.0046098
0.0022842
0.0023628
0.0025405
0.0033655
0.0175812
0.0033465
0.0062272
0.0031501
0.0029847
0.0033386
0.0089618
0.0123884
0.0053828
0.0087257
0.0031022
0.0072626
0.0037823
0.0035942
0.0021326
0.0042607
0.0044338
0.0046922
0.0048258
0.0025113
0.0051128
0.0091902
0.0043401
0.0037906
0.0071238
0.0050734
0.0033455
0.0068186
0.0040245
0.0022774
0.0079507
0.0051342
0.0025637
0.0051118
0.0019212
0.0058493
0.0040534
0.0029371
0.0054526
0.0086334
0.004343
0.0017664
0.0026747
0.0035433
0.0032488
0.0027981
0.0009918
0.0041095
0.0039943
0.0022876
0.0053749
0.0070935
0.0030463
0.0040556
0.0081475
0.0004599
0.0023778
0.0054127
0.0026659
0.004915
0.0031994
0.0022218
0.0031444
0.0075931
0.0109654
0.0173635
0.0058753
0.0098393
0.0057097
0.0064736
0.002209
0.0022271
0.0051041
0.0041397
0.0025981
0.0039506
0.0027977
0.0037594
0.0066207
0.0121411
0.0016245
0.0016065
0.0035776
0.0023499
0.0026633
0.004187
0.0026305
0.0031832
0.0026873
0.0046585
0.0077398
0.0037319
0.0078886
0.0018243
0.000508
0.0026312
0.008997
0.0060497
0.0031295
0.004403
0.0018587
0.0035693
0.0088684
0.0033801
0.0043204
0.0112102
0.0071744
20.0715
