0.0044435
0.0055229
0.0013735
0.0041325
0.0038474
0.0036486
0.0037967
0.0032007
0.0016964
0.0028539
0.0026963
0.0053642
0.0030039
0.0042925
0.0029616
0.0020138
0.0040785
0.001735
0.0020541
0.0043803
0.0042771
0.0048585
0.003868
0.0036912
0.002858
0.0039188
0.0061484
0.002277
0.0053324
0.0052625
0.004767
0.0084215
0.0034933
0.0034765
0.0067609
0.0039106
0.0014685
0.0231167
0.0062032
0.0052553
0.0117017
0.0049488
0.0042777
0.0049944
0.0153932
0.0032509
0.005002
0.0030025
0.0097269
0.005709
0.0049981
0.0022251
0.0028171
0.0044881
0.0050202
0.0109568
0.0039006
0.0057953
0.0030699
0.004407
0.0042811
0.0048092
0.0050429
0.0025068
0.0034682
0.0037332
0.0046784
0.0385646
0.0040324
0.0030847
0.0024757
0.0059093
0.0032674
0.0060582
0.0040814
0.0005536
0.003406
0.0074836
0.0032219
0.0033227
0.0030144
0.0046874
0.0015243
0.002033
0.0056096
0.0050603
0.0042036
0.0026786
0.003756
0.0062716
0.0044762
0.006279
0.0083048
0.0043132
0.014701
0.0107127
0.004242
0.0052033
0.0033448
0.0065307
0.0056229
0.0039024
0.0031557
0.0050081
0.0021881
0.0170875
0.0028344
0.0090139
0.0064477
0.0031932
0.0069519
0.0050753
0.0042245
0.0059855
0.0063663
0.0035153
0.0048116
0.0034857
0.004741
0.0073175
0.0062303
0.0045102
0.0075513
0.0048162
0.0049429
0.0072078
0.0274766
0.0031054
0.0040939
0.0033017
0.0031917
0.0029402
0.0038548
0.006727
0.0046769
0.0037855
0.003547
0.0034658
0.0038987
0.0044031
0.0041909
0.0028642
0.0030136
0.0463393
0.0049851
0.0053931
0.0039106
0.0075164
0.0073469
0.0056703
0.0044191
0.0071485
0.004732
0.0033076
0.0418686
0.0039127
0.0071779
0.0075257
0.0050434
0.0018289
0.0022496
0.0076826
0.0063083
0.0069965
0.0034045
0.0059411
0.0035116
0.0046184
0.003639
0.0066766
0.0032589
0.0051042
0.0050469
0.0037126
0.0024567
0.0066789
0.0052757
0.00764
0.0043615
0.0036811
0.004791
0.0045068
0.0050021
0.0042214
0.046049
0.0033537
0.0012808
0.0019188
0.0055487
0.005361
0.0034037
0.0055506
0.0059678
0.0051225
0.002712
0.0058093
0.0022745
0.005998
0.0040871
0.004512
0.0038223
0.0028358
0.0058243
0.0051222
0.0055892
0.0040684
0.0039273
0.0043545
0.0024207
0.0057482
0.0049454
0.0034848
0.0043358
0.0053597
0.0036321
0.0039514
0.0015821
0.0104431
0.0057054
0.0052357
0.0476184
0.0102282
0.0031912
0.0060602
0.0040516
0.0043997
0.0226716
0.0128395
0.0127495
0.0040072
0.005471
0.0084789
0.007649
0.0139224
0.0043222
0.0006017
0.0017824
0.0057423
0.0054786
0.0048688
0.0062554
0.004581
0.0043746
0.003135
0.004611
0.0228826
0.0047121
0.0085014
0.0050039
0.0048611
0.0038193
0.003177
0.0059523
0.0036431
0.0034542
0.0052615
0.0039089
0.0019301
0.0041702
0.0025844
0.0051234
0.0059814
0.0040911
0.0045345
0.003743
0.0032585
0.0044566
0.0005783
0.0038167
0.003558
0.0047483
0.0060211
0.0028008
0.0061413
0.0063198
0.0034872
0.0127494
0.0047681
0.0046182
0.0042348
0.0023688
0.0025928
0.0038267
0.0026706
0.0040306
0.004261
0.0284835
0.0042217
0.0064402
0.006806
0.0038791
0.0044568
0.0015482
0.007541
0.0062345
0.0075046
0.0033656
0.0067668
0.0020267
0.00474
0.0043396
0.0014587
0.0042455
0.0051739
0.0052805
0.0095367
0.004708
0.0044173
0.0035551
0.0057059
0.0044297
0.0038955
0.0042909
0.0020829
0.0030584
0.0087071
0.004661
0.0179951
0.0065011
0.0051537
0.0038396
0.0070998
0.0027427
0.0031194
0.0041804
0.00241
0.0034164
0.0034122
0.0035132
0.0032293
0.0045023
0.0167785
0.0019159
0.0047
0.0029694
0.0032816
0.0037668
0.0057324
0.0033677
0.0048163
0.0044271
0.0036355
0.0054044
0.0047052
0.0059466
0.0038186
0.0031982
0.0060535
0.0036233
0.0014665
0.0037524
0.0188247
0.0134744
0.0060261
0.0065543
0.0019205
0.0039525
0.0049069
0.0040655
0.0034944
0.005327
0.0040544
0.0058359
0.0044498
0.0062968
0.001761
0.0060006
0.0042661
0.003586
0.0038191
0.002202
0.0044981
0.0036675
0.005333
0.0080584
0.0054718
0.0072509
0.0070439
0.0066055
0.006905
0.0053803
0.0083664
0.0039019
0.0117641
0.0120054
0.0115441
0.0038921
0.0117938
0.0058024
0.0092933
0.0077784
0.0055528
0.0062285
0.0096308
0.0075354
0.0056708
0.0027283
0.0061079
0.0055246
0.007731
0.0026719
0.0198198
0.0052692
0.0038361
0.0045639
0.0084021
0.008027
0.0038417
0.0022177
0.0145622
0.0074958
0.0025512
0.0106703
0.0053456
0.0072695
0.0035086
0.0035621
0.0087391
0.0171548
0.0087721
0.0089188
0.0061783
0.0061619
0.0087625
0.0121017
0.0032967
0.008619
0.0088535
0.0059221
0.0107479
0.0067624
0.0037511
0.003748
0.0113604
0.0089813
0.0061623
0.0089054
0.0094333
0.005653
0.0047884
0.0123298
0.0035213
0.0050562
0.0080318
0.0037651
0.0084094
0.0121717
0.0058633
0.0069228
0.0050195
0.0091603
0.0075011
0.0085973
0.0039489
0.0028324
0.0029958
0.0045274
0.0034578
0.0018977
0.0106029
0.006906
0.0085885
0.0066773
0.0018298
0.0053492
0.0065294
0.0070206
0.0063315
0.0047964
0.0068375
0.003758
0.0029416
0.0054946
0.0086507
0.0055161
0.0037607
0.0054607
0.0045675
0.0016937
0.0018255
0.00786
0.0035126
0.0077374
0.0111559
0.0082121
0.0064038
0.0098284
0.0029315
0.0061192
0.0043623
0.0064642
0.0067977
0.0051281
0.0073566
0.0058784
0.0079576
0.0022267
0.0048587
0.0093801
0.0054914
0.0069221
0.0047345
0.0085763
0.0062626
0.0049219
0.0020653
0.0056934
0.0035414
0.0099214
0.0069429
0.0065841
0.0088163
0.0100149
0.0081613
0.0114425
0.0066085
0.0110278
0.007909
0.0052533
0.0090054
0.0090722
0.0095071
0.0066192
0.0069841
0.009374
0.0052717
0.0099137
0.0065693
0.0064406
0.0072029
0.0124333
0.0054023
0.0046111
0.0090949
0.0161821
0.0105833
0.0047148
0.0090684
0.0032794
0.0066583
0.0056344
0.0105022
0.0061234
0.006303
0.0071149
0.0118775
0.0035045
0.0071671
0.0095139
0.0073251
0.0073432
0.0102813
0.0061275
0.0015696
0.0065892
0.0072665
0.0082035
0.0063702
0.0090993
0.0028719
0.0026422
0.0071067
0.0056541
0.0049234
0.0118341
0.0096128
0.0064515
0.0062745
0.0057071
0.0063153
0.0108308
0.007382
0.005666
0.0093623
0.0092457
0.0063244
0.0059992
0.0102274
0.0110429
0.0057503
0.0066575
0.0046715
0.0068922
0.0102109
0.0079982
0.0033151
0.0082379
0.0060888
0.0079475
0.013599
0.0058627
0.005443
0.0102194
0.0027416
0.0042125
0.005112
0.0134613
0.0060873
0.0065496
0.0068343
0.0073173
0.0059312
0.008878
0.0100889
0.0115354
0.0023181
0.0073334
0.0046539
0.0073564
0.0030905
0.0094898
0.002685
0.0104671
0.0075456
0.0075846
0.0054157
0.0106523
0.0036899
0.0119074
0.0028144
0.0071143
0.0060708
0.006005
0.00742
0.0094077
0.0071571
0.0041709
0.0050257
0.0117649
0.0057691
0.0038786
0.0032092
0.0063199
0.0067361
0.0083618
0.0055529
0.0059497
0.0080452
0.0069866
0.0054132
0.0060748
0.0064429
0.0043878
0.0098469
0.005037
0.0046813
0.0038274
0.0013985
0.0054344
0.0071686
0.0071574
0.0055284
0.0038002
0.0097029
0.0052147
0.0046649
0.007144
0.005341
0.0054283
0.0046847
0.0063522
0.003926
0.0037518
0.0054942
0.0146945
0.0058073
0.0017939
0.0087873
0.0052526
0.0023641
0.0040473
0.0061129
0.0172408
0.004647
0.0045097
0.0040992
0.0087994
0.0058441
0.0055277
0.0095545
0.0073239
0.0024161
0.0070587
0.0031823
0.0087944
0.0100813
0.0078515
0.0062737
0.0057782
0.0099988
0.0041815
0.0056507
0.0049689
0.0101761
0.0047575
0.0067308
0.0112234
0.0050388
0.0031767
0.0086004
0.0067019
0.0063138
0.0084255
0.0029507
0.0051153
0.0067306
0.0140997
0.0066275
0.0112615
0.0041458
0.0074058
0.0064532
0.0076081
0.0058314
0.0043787
0.0029368
0.0046444
0.0032463
0.0055797
0.0103814
0.0038318
0.0034233
0.0070121
0.006101
0.0051621
0.0079254
0.0071843
0.0075433
0.008401
0.0048987
0.0065394
0.0109999
0.0052584
0.0054068
0.0063728
0.0075571
0.0044313
0.0105232
0.0073154
0.0118458
0.00144
0.0102422
0.0023314
0.0039184
0.0075973
0.0083767
0.005539
0.0119148
0.0073112
0.006483
0.0043935
0.0055493
0.0055431
0.0086927
0.0152402
0.0097018
0.0029885
0.011174
0.0066702
0.0065182
0.0061277
0.0123418
0.0146021
0.0095066
0.0057002
0.0058381
0.0135022
0.0075551
0.0051362
0.0038383
0.0031363
0.0055426
0.0061811
0.0027066
0.007154
0.0035492
0.009178
0.0057395
0.0131802
0.0086753
0.0069568
0.004705
0.0086027
0.0022413
0.0077022
0.0144955
0.0059764
0.0065959
0.0084512
0.0040526
0.0060084
0.0049557
0.0058634
0.0059301
0.0073117
0.004659
0.0028704
0.0087285
0.0061117
0.0055807
0.0056801
0.0060756
0.0131477
0.0113125
0.0055674
0.0084618
0.0079367
0.0054662
0.0075918
0.0060245
0.0065193
0.0084413
0.0051515
0.010201
0.0051097
0.0065582
0.0063702
0.0061142
0.0047414
0.0042541
0.0058916
0.0052354
0.00252
0.0076988
0.0029204
0.0067712
0.0045604
0.0126245
0.0044972
0.008396
0.0024543
0.0051964
0.0060221
0.0033132
0.0061129
0.0040784
0.0164551
0.0043261
0.009515
0.0065582
0.0039747
0.0029348
0.0140627
0.0059128
0.0097631
0.0051055
0.0059703
0.0087851
0.0037365
0.0049391
0.0103488
0.0037247
0.003444
0.010716
0.0039398
0.0046351
0.0050805
0.0088356
0.0063445
0.0057581
0.0027413
0.0017906
0.0057297
0.0021269
0.0051069
0.0051396
0.0109853
0.0031956
0.0046792
0.0052154
0.0059821
0.0038403
0.0068564
0.0102185
0.0132093
0.0031688
0.0055576
0.0047474
0.002855
0.0066979
0.0038646
0.0042897
0.0072256
0.0047408
0.0157074
0.0043694
0.0073876
0.0073359
0.0037838
0.0055217
0.0083365
0.002735
0.0052657
0.0045606
0.0115167
0.007921
0.0054032
0.0058114
0.0022165
0.0050703
0.009263
0.0038146
0.0091126
0.0034128
0.0071706
0.0047021
0.0058797
0.0042912
0.0034218
0.0039105
0.00416
0.0023806
0.0084822
0.0049015
0.0065791
0.0022829
0.0062774
0.0035693
0.0072487
0.0105598
0.0049454
0.0085201
0.0026902
0.0064224
0.0071852
0.0070062
0.0026242
0.0058293
0.0056568
0.0038142
0.005588
0.0057754
0.0079868
0.0057186
0.00553
0.0046338
0.0084355
0.0038895
0.0048409
0.0024119
0.0053882
0.0052414
0.0060224
0.0057069
0.0053761
0.0093676
0.0115026
0.0063177
0.0020662
0.0067721
0.0047518
0.0060696
0.00589
0.0052565
0.0048947
0.0031663
0.0073423
0.0061887
0.0054551
0.0070563
0.0025822
0.0062885
0.0056648
0.0050619
0.0063284
0.0063214
0.0063057
0.0082396
0.0043452
0.0044847
0.0028666
0.0090661
0.0066067
0.0049049
0.0045141
0.0044381
0.0051619
0.007268
0.002594
0.0066834
0.005104
0.0069236
0.0034868
0.0056346
0.0045336
0.0102474
0.0076553
0.0018667
0.0082171
0.013094
0.0072449
0.0054813
0.0041224
0.0048825
0.0079561
0.0077329
0.0081177
0.0119943
0.0069853
0.0088782
122.551
