0.0010392
0.0044775
0.0043641
0.0057003
0.0020751
0.0012806
0.0012251
0.0012413
0.0012518
0.0053273
0.0046198
0.0067887
0.004811
0.0044098
0.0072091
0.0026126
0.0052611
0.0008481
0.0044776
0.0011185
0.0081838
0.0045141
0.0045308
0.0016906
0.0047081
0.0008792
0.0041411
0.0041353
0.0041091
0.0009579
0.0039541
0.0090699
0.0051546
0.001016
0.0029252
0.0021636
0.0001721
0.0043244
0.0039281
0.0031448
0.0015824
0.0066789
0.0018856
0.0054156
0.0041879
0.0014352
0.0059465
0.0045089
0.004171
0.0061898
0.0049272
0.0004696
0.0042585
0.002241
0.0011325
0.006676
0.0043991
0.0016593
0.0003732
0.0014747
0.0015359
0.0055069
0.0059347
0.0015206
0.0063886
0.0013499
0.0010455
0.0023186
0.0061672
0.0011695
0.005423
0.0059728
0.0029645
0.0039854
0.0008861
0.0002461
0.0023281
0.0075519
0.001434
0.0009184
0.0010462
0.0053479
0.0039363
0.005873
0.0059337
0.0084332
0.0008876
0.0045111
0.0058222
0.0009727
0.0060555
0.0010278
0.0013465
0.0062073
0.0014699
0.0060841
0.0030287
0.0076825
0.0055709
0.0074492
0.0017882
0.0014043
0.0016095
0.0014296
0.0045218
0.003196
0.0046855
0.0041599
0.0044165
0.006579
0.0081754
0.0012162
0.0053663
0.001149
0.0040121
0.0014471
0.0009991
0.0045771
0.0023567
0.0107668
0.0015596
0.0035732
0.000533
0.0014462
0.0030825
0.008616
0.0055654
0.0033363
0.0038737
0.0010084
0.0009564
0.0047116
0.0014785
0.005729
0.0010887
0.0053526
0.001044
0.0053304
0.0030749
0.0034357
0.0059954
0.0061652
0.0060434
0.0042954
0.0012666
0.0038841
0.0018983
0.0045674
0.0091729
0.0009078
0.0045646
0.0018854
0.0012334
0.0047214
0.0078
0.0009605
0.0025013
0.005552
0.0047484
0.0011516
0.0057131
0.0013523
0.0011194
0.0026376
0.0041378
0.0032724
0.0030106
0.0060136
0.0015378
0.007875
0.0044632
0.0059146
0.0066779
0.0042424
0.0039984
0.007635
0.0009937
0.0128372
0.0025189
0.0046702
0.0015631
0.006151
0.0020623
0.0029487
0.0009123
0.0009717
0.0010747
0.0006426
0.004219
0.0054284
0.0019392
0.0030478
0.0011905
0.0051012
0.0046741
0.0051267
0.0012577
0.005213
0.0049516
0.0010343
0.0022091
0.0049478
0.0010452
0.0011877
0.0019574
0.0009586
0.0031767
0.0037593
0.0045147
0.0064741
0.0033301
0.0054099
0.0019985
0.0015819
0.0013329
0.0057943
0.0001126
0.0081905
0.0039693
0.0069426
0.0013712
0.0053308
0.0063805
0.0045027
0.0038575
0.0030757
0.0077632
0.0036547
0.0021724
0.0445365
0.0089873
0.0073016
0.0063112
0.0047766
0.0181853
0.0028389
0.0053163
0.0054488
0.0060895
0.0012105
0.0052006
0.0011576
0.003702
0.004346
0.0015865
0.0040947
0.000976
0.0181178
0.0068433
0.0011694
0.0067963
0.0036047
0.0034509
0.0062243
0.0059827
0.0035987
0.0239315
0.0049358
0.0034126
0.0005446
0.0041955
0.0040065
0.0016168
0.0049808
0.0053908
0.0059643
0.0043647
0.0003494
0.0043327
0.0015335
0.0012609
0.0023582
0.0010208
0.0035769
0.0050443
0.0006345
0.0010006
0.0066561
0.0009025
0.0012978
0.0003598
0.0013496
0.0011501
0.0009384
0.0044993
0.0015337
0.0060479
0.0122475
0.0090956
0.0027903
0.0014749
0.0058292
0.0011277
0.0075508
0.0026595
0.0062247
0.0039429
0.001034
0.0039827
0.0009619
0.0058488
0.0008865
0.0047457
0.0054757
0.005993
0.0028447
0.0045028
0.0026918
0.000152
0.005549
0.0043666
0.0032701
0.0013034
0.0036259
0.0015475
0.0059856
0.0090441
0.0044918
0.0013484
0.0014589
0.0057153
0.0058615
0.0020549
0.0057944
0.0056124
0.010234
0.0038871
0.0061229
0.0018438
0.0012645
0.0078068
0.0051594
0.004138
0.0058984
0.0058173
0.0055443
0.0012018
0.0022595
0.0057152
0.0024576
0.0018377
0.0013325
0.001372
0.0029509
0.0020802
0.0011124
0.0065712
0.004255
0.0031615
0.0009703
0.0015394
0.0047593
0.0014122
0.0065155
0.0115874
0.0043311
0.0033829
0.0023044
0.0069307
0.0041225
0.0047672
0.0061708
0.0010382
0.0038182
0.0013285
0.0056063
0.0072784
0.0024035
0.0012398
0.0017825
0.0013045
0.0058358
0.0063385
0.0014665
0.0063304
0.0010986
0.0056204
0.000968
0.0042608
0.0049744
0.0054756
0.0076169
0.0042381
0.0030401
0.001053
0.0021696
0.0056511
0.0027657
0.0024226
0.0038541
0.0018767
0.0037611
0.0026808
0.0062649
0.0023113
0.0064206
0.0057178
0.0044157
0.0057335
0.0068935
0.0009906
0.0077601
0.0009081
0.0015219
0.0049508
0.0094749
0.002383
0.0061319
0.0007712
0.0077893
0.0040499
0.0001825
0.0058363
0.0055151
0.0048455
0.0006963
0.005713
0.0012911
0.0064396
0.0057334
0.002604
0.0044193
0.0041762
0.0032461
0.0081887
0.0038222
0.0069562
0.0031992
0.0057957
0.0099753
0.0028557
0.0017705
0.0069628
0.0026051
0.0014841
0.0068387
0.001197
0.0010349
0.0013533
0.0054746
0.0025159
0.0060676
0.004709
0.004159
0.0072348
0.0013353
0.0081745
0.0034178
0.0014199
0.0009754
0.0071933
0.0061787
0.0009125
8.58e-05
0.0005318
0.0016266
0.0126933
0.0018615
0.0141316
0.0022236
0.002146
0.0013251
0.0010534
0.0039563
0.0023169
0.0076631
0.0042511
0.0010096
0.0046446
0.0019377
0.0045008
0.0040337
0.001177
0.0041115
0.0011001
0.0044434
0.0039479
0.0056741
0.0001807
0.0001
0.0054937
0.0042979
0.0012913
0.0090977
0.0058165
0.0010582
0.0063589
0.0060907
0.0018649
0.0055959
0.0010431
0.0012161
0.0047566
0.0039655
0.0053014
0.0015467
0.0004474
0.004578
0.0024202
0.0046864
0.0042649
0.0033179
0.0010846
0.0009508
0.0056479
0.0006421
0.0070002
0.0042673
0.0040775
0.0020971
0.0071225
0.0052202
0.0029236
0.0011965
0.0019419
0.0015656
0.0041156
0.0036274
0.0048929
0.0018291
0.0045218
0.0020913
0.0010329
0.0047571
0.0073951
0.0010634
0.0101407
0.0020404
0.0053304
0.0062535
0.0074626
0.0089174
0.0040521
0.0060871
0.0020943
0.0036832
0.0043362
0.0019375
0.0038682
0.0024196
0.0011656
0.0041103
0.0044194
0.0010449
0.0020086
0.0009679
0.0056958
0.0011683
0.0010325
0.0011567
0.0057534
0.0013513
0.0017439
0.0004714
0.0020441
0.0040278
0.0047414
0.0007478
0.0013037
0.0057979
0.0040284
0.0009402
0.0016433
0.0066446
0.0013155
0.0058198
0.0038877
0.003973
0.0044143
0.0063065
0.0012671
0.0065719
0.0033878
0.0051999
0.0011132
0.0073219
0.0044991
0.0019706
0.0064344
0.0080046
0.0070084
0.0099863
0.00128
0.0040437
0.0023494
0.0059602
0.0028231
0.0081257
0.0070459
0.0079128
0.0011554
0.0010547
0.004563
0.0043539
0.0009294
0.0042346
0.0011993
0.0030576
0.0080762
0.0038734
0.0013682
0.0015329
0.0025982
0.0009609
0.0018778
0.0009474
0.0052151
0.0040831
0.0020807
0.0027082
0.0064011
0.0042086
0.0073792
0.0011363
0.0040985
0.0060401
0.0078959
0.0009271
0.0104677
0.0044413
0.007622
0.0044356
0.0017175
0.0009601
0.0018232
0.004984
0.0011596
0.0049277
0.0010415
0.0100339
0.0007553
0.0037818
0.003249
0.0043141
0.0052544
0.0040097
0.00262
0.0078482
0.0011874
0.0020843
0.0016567
0.0054608
0.0012621
0.0069338
0.0014223
0.007623
0.0015072
0.0001241
0.0062982
0.0009113
0.0062947
0.0027348
0.0055326
0.0088577
0.0060551
0.006341
0.0018398
0.0016838
0.006852
0.0024373
0.00113
0.0062392
0.0063403
0.0048488
0.0013058
0.008385
0.0040512
0.0086854
0.0043236
0.0039686
0.0063029
0.0010049
0.0012146
0.0059501
0.0049352
0.0011398
0.0039115
0.0019134
0.006516
0.0095558
0.0031091
0.0012882
0.0033205
0.0016188
0.009479
0.0123934
0.0059068
0.002337
0.0009455
0.0080471
0.0021097
0.0024743
0.0009355
0.0058916
0.0008626
0.0011239
0.0062033
0.0039191
0.0010484
0.0010277
0.0015366
0.0032395
0.0028519
0.000798
0.0054545
0.0089396
0.0045826
0.0011133
0.0178512
0.0039374
0.0039837
0.0048701
0.0019192
0.0012087
0.0041958
0.000958
0.0070764
0.0046988
0.0017776
0.0066226
0.0011306
0.0009551
0.0021414
0.0011922
0.0057496
0.0068931
0.0062146
0.0048075
0.0063825
0.0045023
0.0009381
0.0065753
0.0013471
0.0009213
0.0041532
0.0014181
0.0054694
0.0119619
0.004746
0.0065872
0.0001946
0.0063892
0.0009221
0.0012717
0.0012107
0.0051573
0.0025697
0.0011597
0.0058265
0.0048935
0.0073189
0.0135586
0.0036171
0.0009965
0.0019064
0.0012
0.0002492
0.0015088
0.0043532
0.0021364
0.0015115
0.0010227
0.0011347
0.0021716
0.0047577
0.0056213
0.0008898
0.005238
0.0029607
0.0014411
0.0050071
0.0078576
0.0053785
0.0048245
0.0031915
0.0052725
0.004079
0.005849
0.0092861
0.0017041
0.0041134
0.0045072
0.0089318
0.0005448
0.0018538
0.0113704
0.0062833
0.0050312
0.0041052
0.0030576
0.0040929
0.0034367
0.0025766
0.0041637
0.0032488
0.0054163
0.0011549
0.0039989
0.0040087
0.0024049
0.0010466
0.0063476
0.0043528
0.0026033
0.0051549
0.0091354
0.0019084
0.0009608
0.0062891
0.0022439
0.0008945
0.0013917
0.0021442
0.0019507
0.0009923
0.0011074
0.0041542
0.0018009
0.0042812
0.0063586
0.0044099
0.0044871
0.0039842
0.0009236
0.0001834
0.0010356
0.008536
0.0022832
0.0073751
0.0020506
0.0039862
0.0024478
0.0009297
0.0057585
0.0062072
0.0058413
0.0065358
0.0010549
0.0044031
0.0083645
0.0069762
0.005157
0.0012198
0.0042247
0.0031826
0.0054822
0.0033008
0.0040327
0.0005282
0.0067107
0.002962
0.0032344
0.0042375
0.0073777
0.0010767
0.0061124
0.0041206
0.0018491
0.0042676
0.0039484
0.0044681
0.0001231
0.0049136
0.0008572
0.0036692
0.0015603
0.0081446
0.0009762
0.0044487
0.0067064
0.0058534
0.0003874
0.0069122
0.001243
0.0036569
0.004365
0.0079794
0.0011073
0.0045991
0.004404
0.0096828
0.0037326
0.0012013
0.0088174
0.0010785
0.0058855
0.001127
0.0027654
0.0019821
0.0009029
0.0008731
0.0009785
0.0036139
0.0040998
0.0021868
0.0012888
0.0040716
0.0062062
0.0045488
0.0062036
0.0080805
0.006004
0.0069799
0.0026345
0.0060637
0.0041709
0.0018051
0.0014194
0.0055995
0.0058509
0.0059965
0.0057424
0.001344
0.004015
0.0080231
0.0040184
0.0038088
0.0061467
0.0055629
0.0016293
0.0062401
0.0298008
0.0015796
0.0070275
0.0039611
0.0029828
0.00717
0.0062947
0.0051306
0.003155
0.0016457
0.0050575
0.0059265
0.0020905
0.0008701
0.0036499
0.0012463
0.002271
0.0043223
0.0005132
0.0042308
0.0043895
0.0008934
0.0054188
0.0073277
0.003062
0.0009973
0.0087674
0.0001789
0.0040072
0.0016271
0.0008858
0.0042634
0.0019739
0.001059
0.0042682
0.0066474
0.0056837
0.0068282
0.005982
0.0042919
0.0062242
0.0067291
0.0010637
0.001063
0.0043356
0.0015815
0.0009383
0.004429
0.0062069
0.0042785
0.0061601
0.0066652
0.0011123
0.0011339
0.0010166
0.0024234
0.0011245
0.0036881
0.0021628
0.0014496
0.0082861
0.0058979
0.0042093
0.0020556
0.0049267
0.0009672
0.0002183
0.0024417
0.0100053
0.0066619
0.0027157
0.0052944
0.0009951
0.0040042
0.006208
0.0010335
0.0012001
0.0101564
0.0043943
11.6971
