6.52e-05
0.0009997
0.0001122
1.53e-05
0.000175
3.96e-05
0.0003636
7.4e-06
0.0014929
0.000134
0.0004838
0.0001325
0.0002556
2.19e-05
4.33e-05
0.0008685
3.62e-05
0.00147
0.0001428
0.0005097
3.72e-05
2.68e-05
0.0003658
4.1e-06
0.0002352
0.0002106
0.0002582
2.1e-05
0.0001554
7.8e-06
0.000313
0.0004121
1.36e-05
0.000669
0.0005941
4.2e-06
0.0015104
0.0001141
3.74e-05
0.0001112
8.1e-06
2.24e-05
0.0007874
0.0001486
0.0007662
0.0011833
0.0003982
0.0009868
0.0001404
5.84e-05
0.0001847
0.001223
0.0002116
2.9e-05
0.0005531
0.0004535
0.0005184
2.69e-05
0.0013553
0.0002422
0.0005121
7.7e-06
0.0002646
8.4e-06
0.0013509
0.0011383
1.08e-05
0.0001835
7.2e-06
0.0015265
2.42e-05
2.66e-05
0.0013003
0.0002161
6.29e-05
0.0012828
0.0002695
4e-05
0.0008578
9.31e-05
0.0006505
1.6e-05
1.39e-05
2.18e-05
0.0001894
9e-05
4e-06
0.000107
5.77e-05
0.0002297
4.71e-05
0.0001065
0.0001332
5.18e-05
0.0003608
0.0020112
0.0005184
4.65e-05
3.34e-05
2.43e-05
0.0001978
5.24e-05
5.25e-05
0.0001723
0.0001288
0.0002445
0.0001815
2.9e-05
0.0001231
4.1e-05
6.77e-05
2.74e-05
0.0002728
3.21e-05
0.0002039
0.002753
0.0009533
0.0005149
4.87e-05
9.98e-05
2.81e-05
0.0005739
0.0015684
2.81e-05
0.0010444
0.0001079
0.0004615
0.0002113
4.4e-06
0.0015105
0.0006516
0.0001531
0.0002045
1.58e-05
0.0007123
2.97e-05
2.03e-05
1.76e-05
4.17e-05
4.95e-05
4.73e-05
0.0002209
7.3e-06
2.14e-05
0.0001083
0.0001385
0.0001091
0.0002756
4.37e-05
4.12e-05
2.92e-05
0.0002218
0.0002104
0.0002173
0.0002896
6.9e-06
0.0012211
2.42e-05
0.0005468
0.0013852
7.6e-06
5.38e-05
7.3e-06
0.0004455
0.0001212
6.34e-05
0.0007761
7.2e-06
0.0004461
3.98e-05
0.0001665
7.1e-06
7.6e-06
0.0001537
0.0005959
3.81e-05
3.1e-06
0.0001546
9.04e-05
0.0005493
3.44e-05
2.35e-05
0.0001334
0.0010973
0.00085
0.0014115
0.0015958
0.0012708
6.59e-05
5.34e-05
0.0003279
0.0002035
0.0001166
0.0005632
3e-05
0.0001615
0.0001933
9.06e-05
1.31e-05
2.13e-05
0.0005686
1.33e-05
0.0001027
0.0007424
0.0003184
0.0002189
1.13e-05
0.0001064
0.0001958
4.26e-05
0.002006
2.49e-05
0.0005011
2.91e-05
0.0004719
7.4e-06
0.0011107
0.0001685
0.0002725
0.0003147
0.0001534
0.0004398
0.000206
0.0001338
0.0001607
5e-05
5.33e-05
0.0013024
0.0001143
4.2e-06
0.0002012
0.0002006
4.52e-05
4.2e-06
1.15e-05
0.001291
4.5e-06
3.03e-05
8.24e-05
0.0001158
0.0001997
0.0020985
0.0005354
0.0002594
0.000501
0.0001023
0.0001097
4.38e-05
2.57e-05
0.0005865
5.25e-05
3.6e-06
0.0002177
0.0001135
7.49e-05
0.0003151
0.000347
3.22e-05
0.000785
0.0014595
0.0001043
2.3e-05
0.0001502
0.0002654
0.0001025
4.84e-05
0.0003041
0.0020187
0.0002304
0.0015525
0.0006548
0.0006739
0.001722
0.000236
7.57e-05
0.0013562
6.16e-05
0.0002995
4e-06
0.0001343
0.0015936
0.0013141
0.0001471
0.0002789
0.0001495
2.37e-05
4.47e-05
0.0013518
1.13e-05
2.72e-05
0.0013382
0.0001981
0.0013334
0.0001767
3.58e-05
4.57e-05
1.62e-05
0.0001467
4.2e-06
7.6e-06
7.9e-06
0.0014836
0.0002005
7.29e-05
0.000565
0.0002447
0.0002128
0.00017
0.0012031
0.0007315
0.0001215
0.000129
0.0003604
0.0001074
0.0001086
0.0003918
0.0001569
0.0001042
0.0012737
0.0005255
0.0002543
6.8e-06
0.0004061
0.0002036
0.0002679
0.0012203
0.000109
0.0001197
0.0006069
0.0010641
0.0001788
0.0003355
0.0001476
0.0006458
2.31e-05
0.0002778
7.32e-05
0.0022494
4.26e-05
5.7e-05
0.0013732
8.9e-06
0.0002742
0.0006655
0.0001981
0.0003171
0.000252
2.47e-05
0.0001972
0.0004993
0.0014569
0.0003457
0.0005192
0.0007833
4.1e-06
0.0006105
0.0004991
0.0014949
4.64e-05
0.0001205
3.09e-05
0.000222
0.0002103
7.51e-05
0.000344
6.9e-06
5.66e-05
7.6e-06
0.0008945
9.75e-05
5.83e-05
6.38e-05
5.56e-05
2.62e-05
7.59e-05
0.000961
2.17e-05
1.63e-05
0.0001503
0.0001872
0.0001971
2.05e-05
0.000148
0.0001035
0.0002669
0.000146
0.0002025
0.0001402
0.0007596
4e-06
0.0002079
6.77e-05
1.33e-05
0.0001328
8.72e-05
0.000311
8.7e-06
0.0003369
3.88e-05
4.6e-05
5.55e-05
7.97e-05
4.61e-05
0.0011993
0.0002123
1.1e-05
0.0012623
0.0003425
0.0017879
3.89e-05
0.0010655
0.0013883
0.0002622
1.66e-05
0.0003817
0.0019777
0.0002541
0.0004042
0.0002705
7.6e-06
0.000808
0.0007984
0.0002937
0.0001558
4.85e-05
4.5e-06
1.52e-05
0.0003745
4.6e-05
0.0001001
0.0001841
0.0001616
0.0001152
0.0001173
0.0001952
0.0006093
7.5e-06
0.0004526
0.0014781
2.18e-05
0.0004151
4.87e-05
0.0001445
0.0001961
4.74e-05
6.51e-05
0.000225
0.0013062
0.0012953
0.0015849
0.0001022
0.0002698
7.4e-06
0.0017796
0.0012851
8.1e-06
0.0017186
0.0014108
0.0011761
0.0006623
1.3e-05
0.0002218
0.0006936
4.5e-06
0.0009387
6.36e-05
0.0003159
0.0002522
3.7e-06
0.0002199
2.1e-05
0.0002233
0.0003723
0.0001133
0.0012577
2.48e-05
0.0001123
0.0001597
0.0015883
0.0010072
1.31e-05
1.83e-05
7e-05
9.53e-05
0.0012308
1.02e-05
2.59e-05
8.2e-06
0.0001401
7.6e-06
0.0002013
0.0026412
0.0008748
8.2e-05
0.0002805
0.0001887
0.0011743
0.000162
0.0008388
0.0001711
0.0001058
4.33e-05
0.0006769
0.0013194
6.6e-06
0.001335
9.16e-05
0.0005279
0.0002853
9.9e-06
5.69e-05
2.28e-05
0.0001327
0.0002942
0.0005507
0.0003118
5.4e-06
0.0002391
0.0001124
0.000388
0.0001499
0.0001601
0.0023282
0.0002377
0.0005295
0.0001347
1.45e-05
0.0005131
7.4e-06
0.000113
8.28e-05
0.0002651
2.33e-05
0.0007908
0.0003912
3.02e-05
5.11e-05
1.19e-05
0.0001132
0.000913
0.0002983
0.0001343
0.0001649
0.0001715
0.0006773
0.000387
6.31e-05
0.0001596
0.0001953
0.0001028
2.4e-05
0.0002045
0.0006097
0.0014822
7.19e-05
0.0001408
0.0002515
0.0015523
0.0005458
5.73e-05
5.81e-05
0.0006259
0.0008954
0.0002113
0.0002197
0.0002249
0.0001655
0.0003209
0.0008274
0.0002322
0.0005297
0.0002301
0.0006051
0.0004883
0.0002119
1.12e-05
0.000947
0.0002191
0.0002689
5.06e-05
0.0002909
4.42e-05
0.0011063
3.4e-06
0.0005022
4.17e-05
2.75e-05
0.0004391
0.0006957
0.000368
0.0011128
0.0001522
2.54e-05
4.2e-06
0.001224
0.0001201
0.0005184
0.0012586
6.09e-05
1.31e-05
0.0001088
0.0005604
1.14e-05
4.2e-06
0.0004869
0.0012898
9.88e-05
5.05e-05
0.0003227
0.0014258
0.0007513
0.0003302
5.13e-05
1.19e-05
0.0001106
1.57e-05
9.57e-05
8.97e-05
0.0005488
0.000116
9.7e-06
0.000216
0.000456
0.0001396
0.0004909
2.82e-05
0.0015074
0.0001392
0.0001871
5.15e-05
0.0011379
2.08e-05
0.0008676
0.0004886
0.000341
1.47e-05
0.0001515
0.0003287
7.4e-05
0.0002821
0.0020712
7.1e-06
0.0003172
2.87e-05
0.0001426
0.0006321
0.000147
0.0011007
0.0012759
0.0002297
7.4e-06
2.42e-05
6.03e-05
3.3e-05
2.43e-05
2.26e-05
0.0001363
0.0001218
8.41e-05
0.0011758
0.0012507
5.19e-05
7.5e-06
2.29e-05
2.17e-05
9.11e-05
4.3e-06
1.35e-05
2.3e-05
2.48e-05
0.0004283
2.62e-05
2.94e-05
2.16e-05
1.67e-05
0.0003266
0.0010164
8.2e-06
2.15e-05
4.53e-05
4.9e-05
8.2e-06
0.000653
8.3e-06
0.0001046
4.4e-06
1.94e-05
0.0001456
2.27e-05
6.46e-05
9.06e-05
0.0012223
7.8e-06
2.09e-05
4e-06
0.0003319
4.94e-05
0.0001605
0.0001554
4.46e-05
0.0002128
4.47e-05
7.43e-05
0.0028248
0.0001574
0.0001019
0.0007827
0.0001972
0.0001736
0.0003052
9.5e-06
0.0002031
9e-06
6.93e-05
0.000102
0.0005309
0.0007636
0.0001651
0.0025612
7e-06
0.001746
0.0002768
4.77e-05
0.000576
6.85e-05
4.05e-05
8.2e-06
2.47e-05
3e-05
0.00014
8.1e-06
0.0002918
0.0005793
0.0021571
0.000157
0.000198
0.0001064
0.0002817
0.0002161
0.0002002
0.0012112
7.84e-05
0.0008466
4.9e-06
0.0001007
0.0001431
0.0002069
0.0001072
0.0002537
6.08e-05
0.0005976
0.0002066
0.0002763
4.2e-05
0.000553
0.0016119
0.0024573
0.0007579
0.0001461
0.0004606
8.3e-06
0.0005189
0.0002143
0.0001735
0.0002211
7.8e-06
0.0002039
8.5e-05
1.16e-05
0.0011679
7.3e-06
3.35e-05
0.0002352
0.0012679
0.0013569
0.0002602
5.7e-06
4.75e-05
1.5e-05
1.19e-05
0.0001382
0.000686
4.84e-05
0.0014074
0.0001802
9.05e-05
0.0002705
2.2e-05
0.0001046
0.0003933
0.000312
0.0001062
9.95e-05
9.87e-05
0.0001252
5.41e-05
0.0013524
3.02e-05
0.0001685
2.48e-05
0.000556
1.43e-05
3.7e-05
0.0001526
0.0003967
3.1e-06
2.77e-05
2.76e-05
0.0002633
0.0001076
0.0002184
0.0013822
0.0003008
0.0003746
0.0009033
1.3e-05
0.000338
0.001808
0.0013835
0.0002695
0.0001222
0.0001079
0.0001025
0.0001039
0.0013644
5.5e-05
7.59e-05
0.000508
5.4e-05
0.0005034
0.0002393
0.0001023
7e-05
0.0001891
0.0006924
0.0005164
2.79e-05
0.0002096
0.000179
9.01e-05
0.0002102
5.4e-05
0.0004093
0.0001584
0.0019961
0.0001028
0.0011982
0.0001455
0.0010369
2.88e-05
0.0002377
1.07e-05
0.000114
3.11e-05
8.82e-05
5.28e-05
0.0006079
0.0005046
3.24e-05
0.0001439
0.0001103
0.0009803
0.0007715
0.0012331
9.85e-05
0.0002351
0.000109
0.0008522
0.0005657
3.73e-05
0.000391
0.0013057
0.0002712
0.0002077
0.0009529
0.000105
3.74e-05
0.0001027
0.0001352
0.0002179
1.67e-05
0.000142
0.0003145
0.000419
0.000104
3.14e-05
0.000548
0.0004587
0.0008296
0.0001565
0.0001884
0.0001433
0.0002998
0.0005328
0.0002898
0.000351
0.0002799
6.3e-06
0.0001071
0.0003114
6.74e-05
0.0002223
0.0002947
0.0005282
3.69e-05
0.0011195
1.18e-05
0.0004738
2.34e-05
0.0001281
7.2e-06
8.1e-06
0.0001003
0.0001114
8e-05
0.0002314
0.0001433
2.57e-05
0.0001404
5.6e-05
7.1e-06
2.17e-05
0.0013846
3.73e-05
2.8e-05
7.9e-06
1.78e-05
4.8e-06
0.0008906
0.0013134
0.0002812
0.0001249
0.0001159
0.0001512
0.0001348
0.0002205
0.0011694
4.8e-06
3e-06
0.0005815
0.0005399
0.0003139
3.7e-06
0.0002913
8.53e-05
2.14e-05
8.98e-05
0.0003159
0.0012642
0.0001025
1.23e-05
0.0005688
0.0005616
0.0002754
0.0015756
0.0001403
4.09e-05
1.31e-05
3.49e-05
7.14e-05
0.00022
0.0003064
0.0002432
0.0007568
0.0002836
1.38e-05
7.9e-06
3.93e-05
2.73e-05
6.9e-06
0.0002566
2.81e-05
0.0001323
0.0019116
0.0011581
4.08e-05
2.23e-05
0.0001162
0.0001193
0.0013592
0.0002328
1.23e-05
3.67e-05
0.0001397
2.98e-05
1.25e-05
7.5e-06
0.0012538
3.13e-05
0.0005027
0.0003265
0.0013146
1.9e-05
0.0003314
1.66e-05
0.0002518
0.000655
0.0028048
4.28e-05
0.001203
