0.001956
0.300147
0.0576415
0.497779
0.0244949
0.0015611
0.0030894
0.0232529
0.0100174
0.0573484
0.0569605
0.451156
0.0576498
0.0572032
0.458991
0.0264292
0.0605145
0.0050304
0.0578753
0.0020314
0.583301
0.0555805
0.0500739
0.0091341
0.0558152
0.0015217
0.0563575
0.0599087
0.0524247
0.0015582
0.234968
0.505177
0.0567256
0.0019747
0.0336246
0.0147761
0.0004297
0.0584395
0.0574667
0.0381349
0.0489298
0.475473
0.0497048
0.0565778
0.0514267
0.0084271
0.406583
0.0583421
0.0566024
0.469654
0.268468
0.0002917
0.0569422
0.138892
0.0021901
0.444578
0.0568171
0.0317719
0.0013814
0.0016891
0.0051106
0.377907
0.314754
0.0582257
0.356511
0.0068426
0.0023865
0.0751055
0.415667
0.0058883
0.0560018
0.0600218
0.0268898
0.0572302
0.0009175
0.0007088
0.120147
0.533177
0.0095044
0.0007987
0.0033851
0.0612628
0.0571275
0.464761
0.474941
0.514677
0.0008244
0.0559742
0.440962
0.0009047
0.450741
0.0019365
0.0066458
0.503923
0.0020816
0.349183
0.0247205
0.572962
0.453175
0.463202
0.0140892
0.0034979
0.0124355
0.0070214
0.0639359
0.030737
0.0585937
0.0573398
0.0556194
0.463651
0.531826
0.0060181
0.414676
0.0010899
0.0570415
0.0451596
0.0010838
0.0576437
0.0772745
0.47845
0.0009869
0.0323131
0.0028493
0.0043347
0.188541
0.547727
0.0576794
0.0494158
0.0786893
0.0039244
0.0010739
0.0580286
0.0260299
0.395428
0.004827
0.0577181
0.0016287
0.0566531
0.159998
0.0358653
0.49125
0.413169
0.458503
0.206422
0.0007645
0.0519428
0.0168144
0.0589026
0.466775
0.0009228
0.268417
0.0200052
0.0044406
0.0481112
0.409378
0.0009578
0.145041
0.421496
0.0573118
0.0044725
0.475219
0.028961
0.0009572
0.0328025
0.0562254
0.216887
0.0201942
0.444804
0.0259665
0.482521
0.058987
0.438449
0.44879
0.0561665
0.058479
0.43685
0.000787
0.0571136
0.0269325
0.350642
0.0210539
0.490941
0.0220207
0.180497
0.0007804
0.002179
0.0019412
0.0027807
0.201329
0.402387
0.0136164
0.0279435
0.0007951
0.0563532
0.0561969
0.0438569
0.0007474
0.381543
0.0572559
0.0009058
0.0239364
0.0577265
0.0047595
0.0027116
0.0529803
0.0009816
0.0423453
0.0568444
0.0570401
0.484134
0.108865
0.056207
0.0187973
0.0117477
0.0047021
0.445117
0.0001015
0.476822
0.056453
0.374174
0.0018735
0.055233
0.47638
0.0585401
0.0590514
0.212037
0.544174
0.0377616
0.0170375
0.055517
0.0436949
0.246018
0.418671
0.055772
0.001407
2.79e-05
0.0577058
0.379619
0.421861
0.0022548
0.0474919
0.0110216
0.0462244
0.0565462
0.0145167
0.0555541
0.001126
0.419791
0.449172
0.0034679
0.385427
0.0548761
0.225172
0.438595
0.42887
0.0517967
0.0563263
0.0527614
0.0167179
0.0027841
0.0765604
0.0600065
0.0065639
0.057307
0.0580483
0.420112
0.0556647
0.0002175
0.309305
0.0126334
0.0046008
0.0287189
0.0039731
0.0548742
0.227949
0.0044292
0.0008085
0.477283
0.0007755
0.0014336
0.0005956
0.0159186
0.0011385
0.0009388
0.0563591
0.0021516
0.401776
0.0151247
0.508146
0.030044
0.0116084
0.46511
0.0061736
0.0583152
0.0335805
0.378259
0.056443
0.0008284
0.055239
0.0020381
0.39905
0.0001936
0.0568211
0.438347
0.358226
0.0337016
0.35293
0.127566
0.0002498
0.0577753
0.0551906
0.03861
0.0087708
0.0475399
0.0050025
0.43615
0.465592
0.250497
0.003092
0.001125
0.417604
0.522951
0.0206277
0.465376
0.405955
0.0032884
0.0645146
0.417166
0.0191046
0.0060648
0.487343
0.0507751
0.0567738
0.206678
0.0524881
0.427903
0.0023295
0.0335703
0.0577063
0.0989042
0.0130588
0.029058
0.0036583
0.0205343
0.0207742
0.0008456
0.0585937
0.0556383
0.197523
0.000939
0.0040078
0.063941
0.0121952
0.436719
0.0611747
0.0559339
0.19746
0.02653
0.503298
0.0549641
0.0567436
0.0578553
0.0025078
0.195538
0.0037635
0.506692
0.446702
0.120233
0.0021328
0.0128853
0.0018075
0.0591732
0.47679
0.0008406
0.477189
0.004909
0.465939
0.0008026
0.0566821
0.0550984
0.448975
0.540941
0.0557209
0.0404437
0.0010733
0.0157173
0.409253
0.0378112
0.0912695
0.0552864
0.0134321
0.111433
0.0370871
0.0566361
0.0971916
0.492558
0.448296
0.015173
0.0636706
0.499368
0.0025092
0.499294
0.0011307
0.0065375
0.055392
0.542977
0.0222987
0.436107
0.0005782
0.507919
0.0479958
0.0001509
0.472604
0.356298
0.0571638
0.0008042
0.454742
0.0076877
0.457931
0.446052
0.0249144
0.0521457
0.151108
0.113207
0.446173
0.0558266
0.0522319
0.164473
0.4139
0.511714
0.180737
0.0020148
0.434708
0.002648
0.0021512
0.407439
0.0015702
0.0035528
0.0078421
0.0571119
0.0857182
0.471137
0.0483143
0.225993
0.0566145
0.0011171
0.356106
0.0140947
0.0089658
0.0038387
0.407165
0.481961
0.0011618
0.0003557
0.0016408
0.0389685
0.0008075
0.0083813
0.001928
0.0191328
0.0252001
0.0015541
0.0007731
0.0568906
0.0217965
0.432657
0.0567603
0.0012097
0.0556498
0.0187466
0.0595169
0.0562282
0.0009511
0.0560157
0.002373
0.0562562
0.0592472
0.291707
4.78e-05
3.68e-05
0.0572362
0.056325
0.0021925
0.482638
0.1476
0.0007517
0.408789
0.440478
0.0131149
0.387076
0.0007308
0.0077399
0.0573089
0.230327
0.377345
0.0008105
0.0006513
0.0579806
0.0192997
0.0661704
0.0692139
0.192653
0.0008023
0.0032053
0.432557
0.0069394
0.464343
0.0584364
0.0611778
0.0399426
0.420865
0.0528299
0.0382632
0.0021822
0.0135518
0.0405884
0.0631433
0.0424344
0.373041
0.0837938
0.0554545
0.0176216
0.00212
0.0599465
0.441014
0.0052666
0.622634
0.0193511
0.402633
0.389033
0.416241
0.0246845
0.0579191
0.450432
0.0943282
0.0490132
0.0623975
0.0195066
0.0553861
0.021951
0.0029079
0.0576541
0.0578681
0.0010119
0.0182854
0.0130739
0.46236
0.0051297
0.0026298
0.0009357
0.0568931
0.0055942
0.0146572
0.000357
0.0944223
0.0564301
0.061886
0.0038632
0.0282965
0.432768
0.0565697
0.0009363
0.0090059
0.470644
0.0106398
0.395417
0.0415229
0.0504823
0.0428636
0.438901
0.0013339
0.450766
0.202386
0.0570025
0.0010686
0.485148
0.278909
0.0913918
0.456295
0.496697
0.404453
0.461956
0.0049242
0.0562887
0.0891774
0.463084
0.0348824
0.559157
0.413664
0.384691
0.0045484
0.0022504
0.0565633
0.0555163
0.0067934
0.0557375
0.0051487
0.0146027
0.441958
0.055793
0.0076651
0.0023319
0.0943592
0.0007502
0.0534813
0.0015995
0.0561702
0.287136
0.023278
0.0249035
0.455293
0.0612025
0.354766
0.0019578
0.056355
0.397021
0.465436
0.0008573
0.543487
0.0431263
0.477488
0.298974
0.0423565
0.000726
0.003491
0.0620833
0.0062173
0.0514496
0.0020191
0.631675
0.0038394
0.0561534
0.0365773
0.0550832
0.0529997
0.0589815
0.0282655
0.368611
0.0014245
0.0882935
0.0323672
0.443926
0.0011828
0.45312
0.0096944
0.50108
0.0133066
8.7e-06
0.0485989
0.0008258
0.442897
0.0385127
0.0627066
0.599753
0.358929
0.520762
0.0231265
0.0398233
0.417171
0.0306448
0.0013458
0.587632
0.541533
0.0561609
0.0018343
0.631529
0.078846
0.683516
0.0583843
0.0569505
0.0578674
0.00304
0.0007927
0.0624295
0.0574405
0.0010021
0.0473143
0.0542314
0.467269
0.544177
0.130967
0.0109568
0.0418945
0.0257399
0.619034
0.195674
0.275274
0.0472949
0.0015827
0.478748
0.0368666
0.0371298
0.0020674
0.311445
0.0024825
0.0117194
0.336915
0.0937695
0.0019805
0.0148122
0.034552
0.104434
0.141715
0.0033301
0.183769
0.433046
0.154473
0.0013461
0.373406
0.222649
0.235083
0.21265
0.0972226
0.0112735
0.151193
0.0013853
0.438771
0.164777
0.0578652
0.375104
0.0124723
0.0014035
0.0473025
0.0044482
0.444033
0.364945
0.267515
0.147042
0.410884
0.112295
0.0013875
0.365789
0.010808
0.0146901
0.150505
0.003279
0.137681
0.201308
0.158236
0.399447
0.0002055
0.359788
0.0015087
0.0058363
0.0037844
0.118954
0.049871
0.0020941
0.451232
0.222814
0.248627
0.275081
0.139158
0.0015917
0.0355538
0.0115318
0.0004916
0.01831
0.236226
0.0076088
0.0195282
0.0029894
0.0033393
0.0468728
0.120248
0.338676
0.0015064
0.231007
0.119891
0.0331941
0.256468
0.629024
0.287307
0.0027148
0.0693681
0.115325
0.109664
0.276015
0.539223
0.0159316
0.117763
0.159625
0.474589
0.0035118
0.0391288
0.674804
0.321966
0.253995
0.154936
0.0560526
0.128378
0.0982974
0.051919
0.118411
0.12088
0.296712
0.0215772
0.159093
0.163871
0.0722379
0.0045065
0.119593
0.179826
0.014426
0.145639
0.165378
0.0351866
0.0024892
0.2856
0.0418444
0.0013735
0.0118353
0.0499657
0.0518592
0.0032598
0.0040868
0.132987
0.0086366
0.101888
0.295226
0.129459
0.132173
0.0815003
0.0018996
0.000524
0.0059604
0.598324
0.0632563
0.324026
0.0453437
0.128746
0.0492278
0.0013817
0.277937
0.293326
0.110944
0.253844
0.0042919
0.176538
0.37876
0.354397
0.154305
0.0044073
0.136809
0.355658
0.120555
0.0665715
0.110586
0.000962
0.324509
0.0748307
0.135196
0.163386
0.260235
0.0016312
0.272427
0.112488
0.0152642
0.118706
0.157922
0.125926
4.91e-05
0.0680998
0.0041296
0.118138
0.0274658
0.754691
0.0042136
0.12577
0.431597
0.769367
0.0015224
0.313774
0.0021136
0.0703669
0.130551
0.459981
0.0030845
0.110381
0.205141
0.101047
0.0946525
0.0049342
0.467413
0.0028207
0.347551
0.0038921
0.074335
0.0392451
0.0014161
0.0020967
0.0016675
0.081988
0.128564
0.0867211
0.0189003
0.123896
0.335718
0.113929
0.301903
0.497632
0.23887
0.428777
0.0599018
0.239788
0.103323
0.0337062
0.0025618
0.117777
0.288612
0.333882
0.470319
0.0128114
0.108106
0.435505
0.132855
0.129203
0.250073
0.170822
0.0396281
0.289863
0.143255
0.0124615
0.110204
0.146117
0.030439
0.125393
0.0014209
0.128122
0.0568831
0.0024264
0.232574
0.125071
0.0214524
0.0026955
0.111645
0.0018398
0.077611
0.140977
0.0005325
0.144803
0.0821766
0.000889
0.255258
0.426134
0.0723763
0.0014236
0.438689
0.0010522
0.160736
0.0380587
0.0017866
0.127345
0.0275081
0.0067683
0.136453
0.347006
0.113004
0.252166
0.360119
0.148696
0.46784
0.339149
0.0070226
0.0043571
0.171374
0.0641591
0.0014953
0.123439
0.241259
0.128587
0.277712
0.162483
0.0138394
0.0133809
0.0015043
0.0518797
0.0025874
0.114781
0.033731
0.0028583
0.509979
0.383454
0.090219
0.100469
0.11884
0.0029686
0.0005648
0.0832514
0.487418
0.287722
0.0628392
0.142975
0.0033086
0.161376
0.505543
0.0018081
0.0077055
0.559723
0.0850303
147.374
