1116 580 1613 
643 943 1343 247 
1046 327 
26 1610 817 
280 834 
687 1244 309 
563 1481 
66 657 609 
1230 1597 
187 210 
1348 1693 
970 745 1302 
1267 657 
446 523 
1702 442 774 
534 1604 
264 1193 
1154 282 
475 18 
465 777 
1134 378 357 268 
1078 986 
1413 660 
990 1638 
1461 1156 
36 180 773 
1722 53 
614 442 
475 746 
406 609 158 
445 316 1401 
1182 653 578 711 
1193 953 
1393 941 
576 685 
64 321 
10 163 
1000 27 
1696 1625 
1364 669 
1316 609 255 
1259 1332 356 
228 919 1664 
931 20 
975 765 
1531 935 
324 1659 462 
728 1280 
893 1240 
1676 657 74 
400 607 3 
617 1069 
599 506 
918 39 1316 
855 1743 1036 656 
1123 1700 629 
48 1739 
642 822 633 
261 409 
639 1558 313 
287 331 664 1037 
1715 1488 83 
279 393 235 
868 865 371 
862 509 244 
1669 257 
148 378 1433 435 
1321 7 1319 
78 1236 1121 
527 1457 
1257 1384 
92 281 
473 212 
77 992 
303 100 
1349 1350 
1644 1227 493 
452 1248 1608 1736 
1434 825 
1729 26 
37 29 
348 1474 
1530 1109 
661 335 268 
950 1673 1246 
837 678 760 1404 104 
61 1358 
246 19 
1425 1480 365 
258 1178 1218 
1695 1079 95 
1576 1578 
1565 936 
1056 378 382 
735 111 611 
1442 1370 318 
907 971 
1139 1700 422 629 
956 1653 1482 
540 800 1109 
1297 1518 
240 529 1676 
150 1051 
493 741 
480 210 
488 1266 
524 886 
1431 1255 
878 1643 
1518 1482 12 
481 1299 496 1564 
763 399 
96 300 832 
476 31 
373 209 
924 1502 1459 
230 1208 
293 586 
1375 373 828 
44 1458 742 76 
398 1499 
240 737 
863 428 
1020 1247 
1512 116 1178 
1031 43 1405 1077 
1617 517 
1379 58 
15 1642 
1706 366 
436 1538 
1614 926 
256 846 592 
1252 1256 1421 
707 758 
125 1201 
315 1564 
430 119 
706 760 1404 
545 1107 
1582 1545 1594 
1630 1568 1700 
1749 435 912 
1657 200 268 
1698 540 
132 865 
274 103 
1064 129 
570 936 831 
1028 1128 
370 1509 1640 
67 1744 
433 1384 
1643 1590 
1705 964 340 
217 1084 266 
1626 930 1313 
1339 1014 641 
680 597 
1387 1172 
1649 1738 1422 
1243 434 1255 
70 1165 385 
1059 1194 
1738 1649 
1201 668 225 
1566 1438 
777 987 381 
299 1500 1514 
179 1652 1013 268 
1519 310 
607 435 419 
1715 1215 1749 
635 799 
1096 1724 
605 956 327 
1268 1410 
255 496 
1277 377 
329 754 903 
848 135 356 
1307 1585 1700 
1319 1502 
1428 1628 492 
118 475 
1532 463 
498 552 
1206 208 
1635 811 1549 1541 
157 414 1078 
909 284 
1283 1241 
1406 679 
1260 688 
260 502 
965 1411 
625 1279 
503 1405 564 352 
708 1108 
1293 1371 
1198 853 
1549 1286 
94 423 1462 
738 958 
501 189 829 
1346 408 
526 1109 
1029 472 
1007 595 
510 1242 1564 
185 1227 901 
698 159 
424 861 
879 1270 
1217 988 
65 1078 484 
1445 1144 
1076 610 985 1051 
821 1398 
333 940 829 
672 1615 
690 508 
1727 1141 1094 
587 1735 
1303 874 
407 678 1057 
1189 432 1458 1736 
1063 1314 
1678 60 
1718 1715 
1700 1112 
1746 1044 1686 
833 1546 334 
1161 1580 
1710 1114 277 1404 
204 1168 
816 1430 
1745 592 951 
537 1606 1404 
1752 1049 
619 1444 
1495 782 344 
840 122 
237 838 
667 394 911 
803 967 
1568 151 
581 1177 763 
1631 1564 540 
1074 1493 
781 335 327 
1232 990 
79 167 540 
213 1737 336 
1723 1012 1221 
626 1220 
368 660 
1287 159 
1510 1356 
1487 949 
4 813 
242 1011 
771 625 
1700 1412 
1427 578 
115 231 303 
414 1066 
766 99 
1033 127 327 
1047 520 
1387 809 
1345 1677 
598 404 
229 400 
1113 378 1404 468 
41 575 
193 700 
1575 1284 1058 
1621 371 
893 139 
254 553 
1419 1402 
110 701 
770 736 
894 462 
516 335 268 
1646 1257 896 
103 1313 
910 435 1458 1422 
755 983 
144 1326 
140 1171 1463 
46 538 
9 1306 
867 977 
1658 1109 1544 1337 
1527 356 
1005 1441 
628 544 
1687 1710 1420 
551 1422 456 
1237 1754 
1096 1684 
140 768 1201 
773 56 436 1399 
657 1251 
140 1238 45 
338 762 1413 1435 
136 1748 
704 789 
1025 584 
714 1592 
73 1660 
1110 337 
285 1656 1032 1404 
238 1003 1602 
125 1325 955 1302 
471 1388 638 
201 1313 
1455 1196 
777 485 781 
1647 1308 418 
1030 1587 
222 1468 1727 
374 920 1612 
612 1224 1090 
375 149 
587 625 1201 
1704 972 
994 155 
1731 1552 93 1017 
34 671 
715 682 
1052 982 1688 1145 
1695 1236 
1618 192 425 
1133 423 1650 
388 454 59 
1470 1465 
752 378 69 
1389 972 
1388 450 1161 
1447 1632 
1566 1654 
1593 1542 
42 870 
130 966 
180 922 
695 814 1029 
746 1707 1685 
581 2 
1298 1041 
216 312 1001 
1697 1110 1571 
913 990 
676 1174 
645 1155 1598 
280 748 
44 573 1610 
332 876 
159 1195 
655 1705 
367 1271 1352 
1505 1594 1552 891 
696 648 1008 1588 
675 435 1609 
95 767 338 
1753 321 213 
937 820 
168 1091 
642 1078 847 
305 1690 
1517 378 1124 
1740 1695 
1048 1125 1696 
975 28 
1654 291 1259 
489 1460 
1722 462 
621 1492 
1072 330 242 
1070 440 292 990 
1319 1583 
1082 372 
521 147 
1454 625 
26 1605 29 
1054 1511 
1207 1616 660 
29 1341 
1018 408 
867 1721 972 
630 953 
511 1055 
1087 1347 543 
574 1290 1573 
691 666 174 
239 555 
1051 1603 
1180 276 530 
474 618 1176 342 1736 
993 378 1521 382 
763 1381 101 
1211 1313 
1354 699 
1710 1228 913 995 
50 808 
1439 869 1150 
1484 248 1313 
1062 1060 1703 1339 
727 995 
681 1515 
205 1549 945 
265 1193 457 
1481 896 
458 810 
1319 1623 1556 
815 710 
1386 477 1312 
1106 412 990 
1385 72 
880 839 
899 332 564 352 
308 1589 1336 1262 
1183 236 152 
1717 1121 
273 633 
1253 1368 772 1384 
779 1384 83 
662 378 1404 468 331 
140 1238 1210 
1204 1719 1503 13 
1169 1322 1453 
1394 269 1404 468 
1331 227 1464 
1282 1253 492 
1228 1432 923 
1572 1039 
1099 1534 
1723 1708 
845 824 286 
560 1130 829 
493 1444 
1568 83 3 
715 250 
500 1336 
1023 1441 1236 
663 296 
859 753 
897 665 
256 323 1690 
736 1307 565 
301 790 1161 
1559 806 784 
1712 186 
1365 1065 1094 
415 533 
278 577 
1187 857 
387 389 
750 1339 
1700 515 243 
1203 180 
674 1390 
1741 1694 
1386 796 1564 431 
426 1041 
908 447 
981 600 
724 357 
779 1335 
754 785 
316 1175 
1024 359 
113 1360 
1188 938 
62 860 
1673 1246 1347 1102 
1663 1163 
658 877 
1736 1181 
1061 214 
1709 1404 468 
125 642 1177 606 
1374 1374 1374 153 972 
1720 1437 
92 459 633 
514 1134 1652 
120 829 
1555 1013 600 
0 1398 
55 1501 397 
93 709 
421 692 169 
1734 973 383 
386 1408 
559 852 
647 528 
1429 668 
1196 1524 
968 439 
1183 54 1680 
1086 1551 
166 1164 
1327 1601 1410 
1276 1149 
1690 802 1672 
1497 1217 
1344 961 
842 378 697 
850 378 1045 
865 1695 
1648 1094 
1446 1656 755 
1623 1675 
1311 723 1612 
30 1161 
1158 1573 
898 1338 1731 
1483 264 234 
1369 1179 
1488 1522 
478 162 38 
1150 1330 
491 647 743 
1516 1094 
644 378 290 1525 1422 
445 1355 
733 1231 435 
213 1526 382 
1195 453 359 
80 657 
1024 1011 
798 392 1716 
902 124 584 
1159 1201 
1022 71 
531 953 
1025 1397 
1456 131 
98 1116 1416 803 
1319 196 
347 844 
1229 554 718 
443 1689 
478 199 1142 1503 
1682 15 1250 
1147 211 
959 812 780 
140 405 
1235 1261 
1381 974 1700 
1086 1536 
1651 928 
1115 646 1404 
1488 1605 
957 969 
1641 1323 
1173 729 995 
1233 378 1568 
1104 1051 
390 1127 
161 1691 
1670 1436 490 
241 1477 
773 8 1226 
1476 496 
173 1105 
328 133 
508 30 331 
1117 797 1539 
361 283 1305 
783 1110 1403 
856 1089 
705 416 487 
1678 305 1690 990 
1245 451 1205 
642 624 1494 
1037 1549 393 
1705 964 1216 446 
1135 395 92 
1093 1639 213 
172 1129 
372 1410 
1101 1199 664 1037 
1471 1700 343 
1275 718 
448 1186 625 1310 
601 866 1714 
571 963 1705 
1366 1645 
1567 1002 
833 613 
1692 1121 
110 1376 
1381 1374 
182 206 
1742 1742 
760 1404 833 
513 953 
1234 814 
608 202 
514 1353 760 1404 
1359 1161 
1440 818 541 562 
900 96 
642 393 
887 933 922 
57 1291 
1443 1367 
1461 1370 1668 
743 1313 
1281 946 1011 
1581 275 1490 842 
702 1218 
642 536 457 
403 378 468 81 
535 916 
393 235 427 345 955 
40 1015 
1736 418 550 865 
86 1547 627 
91 160 267 
882 49 
1498 871 1539 
237 1554 
1661 311 
1338 1723 
330 1043 1213 
22 507 1638 579 378 
1599 369 
742 1313 
1139 1418 
1071 1274 
788 32 
128 633 
1103 471 
1529 1600 1118 1573 
184 1404 1192 
130 1395 1214 
548 801 1463 
1398 821 1410 
1448 777 1126 
290 1736 422 
1450 393 
759 384 693 381 
1373 462 
466 271 
1683 561 
141 438 
1638 1236 1121 
630 779 
642 1607 
51 1665 826 1339 
1152 335 268 
547 567 1339 
929 865 
1273 1465 944 346 
642 264 1193 
1619 295 
761 1506 
1412 303 375 
1678 435 523 
1057 1700 
1550 989 773 
420 378 1404 1649 
1705 987 
1710 317 636 1161 
779 1335 
255 11 
396 835 
1239 1109 813 
1050 190 
1622 650 
625 712 
1035 251 
224 1053 
1404 1486 1528 
268 1461 1540 
327 1120 569 1216 
108 1405 1094 
1700 1543 107 
849 1097 1067 
1106 905 68 
889 378 1521 382 211 
1085 1161 
827 1596 1585 
1655 664 
252 378 1549 1121 
22 779 1388 450 
198 895 
354 449 
186 1231 435 
246 677 1259 
482 1161 
298 939 
220 355 948 
1679 512 
532 751 
109 725 1257 
1711 1288 1167 
786 742 236 
642 441 1504 
175 1472 1548 
999 304 
1607 676 545 
411 1285 
757 726 
1513 979 1131 
1125 664 1400 
284 1424 
368 1219 
927 1148 1132 
423 145 497 
477 164 
391 1096 
116 841 445 
698 1004 
1633 233 146 
742 580 1422 
121 734 
1725 693 381 
1662 303 379 
1006 596 
434 792 1404 
1019 742 843 
913 1075 609 
23 44 
1185 356 523 
339 1383 
226 1161 513 
1612 1334 264 223 
1357 218 
1068 892 1415 
1409 1553 
525 542 719 
1135 540 
832 643 479 
1577 467 
1673 1246 1342 
1508 1423 
1028 389 1503 
589 888 
1721 307 
864 350 
999 304 
297 1700 
1027 288 
1750 117 640 
1122 417 152 1011 
17 615 1221 
1670 1436 725 
775 1340 1553 
1465 1611 
1136 1095 
1038 1100 1451 
720 1667 954 
585 769 620 
445 1574 
978 1029 1674 807 1156 
102 385 936 
106 272 
593 180 1209 
625 215 
690 97 
1496 434 1121 
890 1265 223 
914 1019 742 828 904 
413 1629 64 321 
1318 845 
1463 642 484 
269 90 444 268 
1713 1610 1602 
364 123 
1479 388 
1475 1143 
842 637 
1489 378 84 
1119 378 1103 1264 1121 
616 1219 1461 326 
934 1258 
631 1292 
360 378 779 85 
885 112 
654 1467 241 
960 1563 256 323 1690 
1094 604 1137 
1543 1671 268 
142 223 
1620 221 
812 1378 1025 
358 1140 
645 1155 
1265 223 
1112 773 
1225 1396 95 
518 1520 
134 1201 
1296 499 
137 1300 
293 1272 
1701 983 
1190 1404 
557 721 
764 1463 
1410 544 
732 378 
306 912 321 
698 1478 1735 
1727 613 
1157 1013 
473 1507 
90 486 
1351 1304 
975 197 
1388 183 1161 1309 
1010 30 
1191 623 414 
875 883 
411 998 1094 
429 1612 
1561 359 
219 1602 
1073 1026 
858 1728 
1485 873 1570 
1134 378 1591 1361 
676 942 1219 
303 860 303 
464 195 
651 621 
33 1231 
259 423 997 
980 1040 572 
1377 368 717 
1634 1295 
1138 21 467 
319 322 1077 
642 88 1067 
125 865 652 
232 1166 181 
652 1700 
1537 1579 
302 1249 
6 1469 483 713 
1091 998 
143 546 
1263 1549 
996 659 
1110 236 1216 
860 165 1223 
1543 107 763 268 
460 1610 
363 1736 1181 
1200 916 
75 1333 558 
730 314 
1562 591 
854 1363 
716 95 
299 71 
320 126 
791 294 
749 1278 
1732 499 
1 1726 
1201 1246 203 921 
156 191 
1449 1407 
1746 245 922 
769 823 634 1081 621 
35 1146 
677 1549 393 
686 962 1124 
270 582 
1254 1029 
642 1029 470 633 
353 1184 
1481 1380 
289 1034 30 
1681 1380 
1372 947 
1080 703 1197 1573 
678 1699 154 1151 
632 1690 603 
1222 1610 24 
188 170 1391 
508 207 
777 861 
804 1549 
280 262 1228 1580 
263 1094 
14 915 
242 1202 
1153 725 964 
50 1624 
647 105 
522 1170 602 
556 358 
461 673 52 
634 1081 382 779 
690 1043 1092 
351 393 376 
884 183 
114 569 836 
794 1557 
906 63 
756 584 881 
697 1665 
1652 955 817 
1328 1422 16 
435 1458 1414 
1042 383 
777 1009 
1122 1271 1352 1702 
505 402 
6 1524 
731 773 268 
496 830 
649 1584 1230 
1212 1084 371 
171 1564 
976 1382 
1404 700 
469 62 
842 269 1404 
356 1162 
851 609 
568 362 
1362 1329 
539 607 3 
1586 776 1696 747 
348 1737 
1599 1384 
1294 1194 
917 1029 1231 
1320 693 
1753 321 
1410 1016 
795 740 
249 138 
1098 1160 
549 1755 
1533 134 625 
778 147 684 1564 
1708 583 
1131 1747 
410 1315 1111 276 
952 341 
1124 967 
274 378 1161 1317 
1083 925 
380 1289 
1392 590 
1733 253 
1452 932 
342 566 843 
1324 936 
87 1021 5 
722 1696 1560 
1473 1219 
1569 393 1636 
1535 1750 1574 
793 725 
744 979 
746 1466 
642 1528 1055 
694 1426 
360 303 
1084 494 1327 
1088 819 
66 81 670 
584 1384 
1637 82 
495 1301 
1751 338 
177 1639 
787 1568 
1666 1417 
1595 471 
1652 773 1730 
1084 1556 493 1491 
803 309 594 
1319 991 
25 1430 1109 
805 683 
455 1422 268 
176 504 
588 1201 
89 231 655 1549 
122 607 437 
519 178 
742 1523 
689 1096 1094 
325 633 
739 1627 1702 
47 984 
401 872 349 
1056 378 1009 1269 1404 
622 194