0.0013192
0.0020566
0.0010089
0.0014989
0.0012451
0.0014776
0.0015218
0.0028379
0.0015861
0.001708
0.0023774
0.0036383
0.0013254
0.0010403
0.001965
0.0010987
0.001016
0.0011262
0.0010646
0.0011053
0.0026438
0.0011599
0.0012058
0.0011728
0.0012967
0.0018892
0.0010176
0.0010933
0.0011713
0.0019649
0.0022501
0.0026204
0.0013474
0.0013515
0.0011565
0.0011131
0.0014539
0.0012139
0.0013276
0.0012187
0.0021713
0.0022536
0.0018517
0.0009875
0.0013976
0.001175
0.0022171
0.0014751
0.0013392
0.001867
0.0022692
0.0011902
0.001037
0.0024918
0.0028195
0.0018833
0.0012189
0.0020102
0.0011371
0.0019856
0.0025431
0.0016924
0.0015919
0.0017873
0.0016475
0.0008892
0.0020857
0.0018357
0.0018824
0.0009868
0.0011687
0.0009956
0.0009635
0.0010091
0.000994
0.0009358
0.0016058
0.0021592
0.0009283
0.000987
0.0011126
0.0010864
0.0009103
0.0018973
0.0018746
0.00322
0.0010212
0.0011919
0.0016566
0.0018162
0.0015614
0.0011117
0.0011974
0.0016219
0.0015548
0.0017364
0.0010757
0.0027916
0.0016632
0.0018127
0.0009613
0.0018524
0.0010234
0.0009024
0.0009431
0.0009071
0.0009591
0.001094
0.0010059
0.0017359
0.0025433
0.0013168
0.0020284
0.0011856
0.0011539
0.0015872
0.0011632
0.0011263
0.0016264
0.002648
0.0009564
0.0011179
0.0009804
0.0012001
0.0020505
0.0023636
0.0010324
0.0012319
0.0012409
0.0010548
0.0013862
0.0009304
0.0018318
0.0016559
0.0010557
0.0011097
0.0011268
0.0013893
0.0015632
0.0013635
0.0018033
0.0022975
0.001867
0.002176
0.0014719
0.0011811
0.0015009
0.0011862
0.0021729
0.0009412
0.001889
0.0011204
0.0010646
0.0011305
0.0018004
0.0019208
0.0017202
0.0017467
0.001327
0.0011902
0.0018723
0.0017685
0.0020258
0.0009948
0.001076
0.0020045
0.001232
0.0025266
0.0019498
0.0027543
0.0011282
0.0020965
0.001632
0.001379
0.0011137
0.0023176
0.000905
0.0013915
0.0020237
0.0023331
0.0023847
0.0018774
0.0012592
0.0019988
0.0012515
0.001087
0.0015218
0.0011186
0.0023092
0.002246
0.0015479
0.0015179
0.0013216
0.0015788
0.0013672
0.0013264
0.0013903
0.0031529
0.0013869
0.0016105
0.0013229
0.0010768
0.0021398
0.0014154
0.002183
0.001329
0.0012582
0.0013353
0.0013171
0.0019817
0.0024672
0.0015496
0.0016926
0.0014826
0.0014159
0.0024361
0.0013898
0.0032529
0.001593
0.0021414
0.0012291
0.0014481
0.0019828
0.0011422
0.0014898
0.002454
0.0031979
0.0014651
0.001325
0.0011407
0.0012095
0.0023128
0.0017861
0.0010288
0.0029983
0.0011356
0.0012165
0.0020357
0.0016194
0.0010534
0.0011874
0.0020438
0.0011263
0.0012462
0.0020777
0.0011383
0.0012959
0.0021874
0.0016066
0.0021399
0.0018721
0.0016077
0.0021933
0.002246
0.0023103
0.0015892
0.0011364
0.00101
0.0010919
0.0012834
0.0012064
0.0012647
0.0009856
0.0009587
0.0014823
0.0020844
0.0014385
0.0011305
0.001687
0.0012716
0.001721
0.0011998
0.0015441
0.0013273
0.0028191
0.001276
0.0014729
0.0023581
0.0011669
0.0014495
0.0012922
0.0015304
0.0012672
0.0013062
0.0014584
0.00188
0.0021957
0.0011965
0.0032681
0.0014236
0.0014306
0.0021858
0.0012607
0.001338
0.001292
0.0025669
0.0010526
0.0012572
0.0014968
0.0020246
0.0018756
0.0015771
0.0010264
0.0022961
0.003706
0.00164
0.002442
0.0030662
0.0012345
0.0012007
0.0013189
0.001025
0.0017146
0.0014722
0.0034899
0.001871
0.0032425
0.0027154
0.0013386
0.0014249
0.0022745
0.0019355
0.0010895
0.0017355
0.0018709
0.001935
0.0011206
0.0017467
0.000981
0.0012227
0.0025823
0.0017392
0.0014884
0.0033963
0.0013357
0.0019913
0.0017481
0.0023131
0.0014935
0.0023264
0.0013583
0.0019583
0.0012665
0.0010736
0.0011123
0.0012509
0.0015999
0.0014021
0.0022195
0.0023633
0.0009686
0.001217
0.0022033
0.0017399
0.0012815
0.0012241
0.0022704
0.0013773
0.0018985
0.0013341
0.0013218
0.0011644
0.0027297
0.0029949
0.003083
0.0018024
0.0020171
0.0016097
0.0011418
0.00117
0.0020264
0.0012459
0.0017449
0.000801
0.0017471
0.0011464
0.0017022
0.0014003
0.0009902
0.0013708
0.0022296
0.0031414
0.0010042
0.0013012
0.0014435
0.0010175
0.0017998
0.0013351
0.0020513
0.0013604
0.0011378
0.0016844
0.0013159
0.0011411
0.0020818
0.0023569
0.0021243
0.001375
0.0010811
0.0026535
0.0044353
0.0033356
0.0026441
0.0014148
0.0016343
0.0037936
0.0013811
0.0021468
0.0019848
0.0028017
0.0009262
0.00106
0.0018463
0.0026729
0.0010888
0.0012989
0.0017872
0.001243
0.002384
0.0023709
0.0015145
0.0011589
0.0023189
0.0024744
0.0020738
0.0010763
0.0010217
0.0027975
0.0026672
0.0036371
0.0019342
0.0035204
0.0026243
0.0035499
0.0022038
0.0018184
0.0023396
0.0010287
0.0015369
0.0010604
0.0023571
0.0019045
0.0010474
0.0017527
0.0010489
0.0009879
0.0016447
0.0011979
0.0012342
0.0012221
0.0016095
0.0017228
0.0016936
0.0016592
0.0010874
0.0017292
0.0011903
0.0010622
0.0010426
0.0010562
0.0010826
0.001716
0.0009923
0.0013567
0.0008397
0.0021888
0.0010509
0.001232
0.0012101
0.0012287
0.0012015
0.0011376
0.0015363
0.0014344
0.0011678
0.0014108
0.0013364
0.0026205
0.0010752
0.0015776
0.0013349
0.0012226
0.0019276
0.0025791
0.0033543
0.0010617
0.002106
0.0020215
0.0011444
0.0016868
0.0011429
0.0023318
0.0011665
0.0021896
0.0019975
0.0014059
0.0014581
0.0013684
0.0012344
0.0011615
0.0013141
0.0021606
0.0010791
0.0014469
0.0017435
0.0011899
0.0015665
0.0010699
0.0010857
0.0018792
0.0018908
0.0011018
0.0009569
0.0018301
0.0009369
0.001987
0.0011277
0.0011756
0.0018267
0.0021986
0.0012993
0.0010257
0.0022137
0.0010902
0.0018114
0.0010605
0.0029759
0.0013072
0.0017772
0.0020269
0.0014962
0.0008401
0.0007868
0.0014219
0.0015981
0.00103
0.0012767
0.000898
0.0009193
0.0011768
0.0022806
0.0015175
0.0012371
0.0022307
0.0011339
0.0026213
0.0016528
0.0011506
0.0020061
0.0011363
0.0011561
0.001964
0.0009212
0.0011219
0.002115
0.0009162
0.0011781
0.0011468
0.0019443
0.0017623
0.0010601
0.0013211
0.0010848
0.0017594
0.0011295
0.0019575
0.0010101
0.0012607
0.0011665
0.0015661
0.0020473
0.0019316
0.0017173
0.0011384
0.0019347
0.0020966
0.0020077
0.0019111
0.0018234
0.0026389
0.001782
0.0018343
0.0012059
0.0009175
0.0030915
0.0020462
0.0013431
0.0030274
0.0018968
0.0018395
0.00106
0.0010306
0.0010699
0.0010247
0.0010365
0.0009252
0.0011695
0.0010042
0.0022548
0.0019324
0.0010033
0.001161
0.0068944
0.0010297
0.0045561
0.0011303
0.0008854
0.001732
0.0011916
0.0012492
0.0020438
0.0008896
0.0018988
0.0023799
0.0012294
0.0016912
0.002579
0.001259
0.0035357
0.0012535
0.0026202
0.0019814
0.0020669
0.0012435
0.0019295
0.0009924
0.00109
0.0009266
0.0018117
0.0032826
0.0010609
0.0011343
0.0013218
0.0014715
0.0013641
0.0011637
0.0011845
0.0021089
0.0017505
0.0019962
0.0018451
0.0018005
0.0021395
0.0019167
0.0011918
0.0028502
0.0014326
0.0013464
0.0013337
0.0012661
0.0018815
0.0008678
0.0011625
0.0028263
0.0018689
0.0021364
0.0010841
0.0030022
0.0017205
0.0012933
0.0013963
0.0018904
0.0022153
0.0012653
0.0020235
0.0025929
0.0011254
0.0027987
0.0010311
0.0013324
0.0011212
0.0015216
0.0015274
0.0012755
0.0011257
0.0013235
0.0012192
0.0019113
0.0020414
0.0026646
0.0018003
0.002142
0.0020166
0.0019728
0.00356
0.0013139
0.0020923
0.0017017
0.0023291
0.0029113
0.0012996
0.0013618
0.002011
0.0020481
0.0011465
0.0012913
0.0022256
0.0011664
0.001314
0.0016642
0.0017878
0.0020845
0.0022365
0.0019753
0.0013865
0.0019971
0.0011673
0.0012346
0.001783
0.0013533
0.0011394
0.0010915
0.0015982
0.0018948
0.0011244
0.0008867
0.001657
0.0009869
0.0018009
0.0018238
0.0012934
0.0021559
0.0019052
0.0012319
0.0017442
0.0016022
0.0027842
0.0012145
0.0020217
0.0012234
0.0022532
0.002969
0.0012228
0.0019413
0.0013227
0.0019778
0.0008778
0.0020823
0.0012755
0.0018385
0.0013252
0.0015646
0.0010845
0.0010558
0.0010334
0.0007611
0.0010389
0.0011887
0.0021011
0.0025304
0.0016361
0.0017079
0.0018685
0.0011515
0.001269
0.0022684
0.0019795
0.0019066
0.0009177
0.0030718
0.0017546
0.0010471
0.0018834
0.0010865
0.0010613
0.0017972
0.0015169
0.0028667
0.0025221
0.0011366
0.0017642
0.0026835
0.0019714
0.0013188
0.0012079
0.0011991
0.0010417
0.0016416
0.0027116
0.0020578
0.0010242
0.0010841
0.002476
0.0013294
0.0019193
0.0033109
0.0018631
0.0017682
0.0010683
0.0011656
0.0016688
0.0011931
0.001027
0.0009618
0.0010757
0.0022911
0.0012444
0.0009966
0.0014502
0.0013355
0.0012525
0.0011813
0.0010993
0.0012698
0.0011212
0.0012813
0.0009577
0.001956
0.0019219
0.0013991
0.0013261
0.0013312
0.0011166
0.0014403
0.0011374
0.0026526
0.0015418
0.0022773
0.0011676
0.0014765
0.0011042
0.0013426
0.0009262
0.0012992
0.0014922
0.0018164
0.0028707
0.0015611
0.0014753
0.0011691
0.0013355
0.0009719
0.0016782
0.0019423
0.0017482
0.0012212
0.0016355
0.0019685
0.0016993
0.0016281
0.0021447
0.0007773
0.0010964
0.0011157
0.0028546
0.0007425
0.0012696
0.0010124
0.0012298
0.0015259
0.0016034
0.0024079
0.0011262
0.001891
0.0011773
0.0021502
0.001323
0.0011722
0.0009767
0.0009132
0.0015385
0.0012702
0.0012121
0.0014406
0.0016274
0.0013582
0.0023447
0.0012283
0.0011588
0.0018901
0.0032144
0.0011053
0.0017477
0.0018497
0.001343
0.0013841
0.002342
0.0011264
0.0008694
0.0020446
0.0010102
0.0012105
0.0028623
0.0026645
0.0019634
0.0019987
0.0024116
0.0011687
0.0010749
0.0009338
0.0025669
0.0010734
0.0011052
0.0012463
0.0018318
0.0014266
0.0012462
0.0017643
0.000988
0.0019668
0.0019783
0.0016282
0.0018007
0.0009851
0.0019009
0.0011411
0.0011683
0.001923
0.0009576
0.001763
0.00168
0.0015565
0.0012042
0.0009767
0.0022429
0.0011293
0.0010182
0.0016185
0.0011471
0.0019414
0.002047
0.0011673
0.0010566
0.0009702
0.0011037
0.0013844
0.0010185
0.0012375
0.0013319
0.0013342
0.0021576
0.0030941
0.0011487
0.0010581
0.0011944
0.0016952
0.0009826
0.0010838
0.0009614
0.0012131
0.0013884
0.0011373
0.0012286
0.0016469
0.0024261
0.001295
0.0009791
0.0025651
0.0011134
0.0008503
0.0023945
0.0012018
0.0013279
0.0011918
0.001146
0.0012198
0.0019786
0.0009573
0.0021059
0.0017292
0.0012026
0.0019074
0.0015203
0.0011725
0.001035
0.0013072
0.0016795
0.0012941
0.0008042
0.0019116
0.0012059
0.0021009
0.001155
0.0013892
0.0013099
0.0014763
0.0013166
0.0011901
0.001294
0.0011938
0.0015223
0.0025704
0.0022263
0.0011304
0.0017259
0.0012524
0.0014522
0.0013192
0.0011076
0.0025274
0.0017872
0.001277
0.0010082
0.0017434
0.0009418
0.0016061
0.001447
0.0018414
0.00285
0.001097
