0.0033237
0.0313461
0.025932
0.042986
0.0120532
0.0037325
0.0043009
0.0051661
0.0060465
0.0301652
0.0283042
0.0465869
0.0272059
0.026526
0.0446297
0.0142508
0.0268367
0.0033825
0.0277282
0.0038154
0.0602187
0.0265757
0.0243828
0.0073708
0.0279061
0.0032919
0.0259542
0.0264182
0.0256941
0.0033656
0.0253811
0.0647606
0.0288828
0.0036669
0.0166244
0.0102759
0.0003882
0.02662
0.024809
0.0191599
0.0071358
0.045083
0.0091292
0.029785
0.023822
0.0065161
0.0421449
0.0279172
0.0253946
0.0437056
0.03194
0.0011444
0.0264254
0.0146741
0.0041226
0.0453618
0.0276018
0.0072018
0.0009698
0.0054295
0.0057614
0.0420932
0.0384667
0.0081122
0.0421071
0.0058053
0.003685
0.011282
0.042147
0.0050638
0.0287966
0.0320799
0.0150013
0.0267755
0.0033551
0.0006035
0.0134238
0.0592707
0.0068303
0.0033172
0.0042273
0.0302775
0.0255558
0.0421409
0.043567
0.0622214
0.003345
0.0275724
0.0428477
0.0034305
0.0432929
0.0038133
0.0060563
0.0438646
0.0050165
0.0405314
0.013034
0.0586683
0.0418206
0.0472287
0.008761
0.003319
0.0077488
0.0053383
0.0251466
0.0147419
0.0272577
0.0256545
0.0264355
0.0437995
0.0595289
0.0051298
0.0376452
0.0033545
0.0254335
0.0067806
0.0043748
0.028692
0.0116159
0.0638015
0.0034623
0.0160127
0.0018023
0.0045575
0.0209842
0.0602638
0.0302915
0.0220305
0.0254445
0.0045313
0.0035839
0.0277307
0.0066507
0.0439997
0.0049705
0.0297777
0.0032269
0.0299393
0.0182817
0.0177758
0.0419814
0.0423322
0.042116
0.0221053
0.0032686
0.0237698
0.0095643
0.0265596
0.0485531
0.0035033
0.0285124
0.0106194
0.0047106
0.0251841
0.0481998
0.0032552
0.0161483
0.0418179
0.0280504
0.002922
0.0421342
0.0062529
0.0034396
0.0166802
0.0248355
0.0200358
0.0112896
0.042588
0.0066401
0.0587431
0.0256886
0.042157
0.0414936
0.0264252
0.0268392
0.0467842
0.0031935
0.0265004
0.0142348
0.0329131
0.0064764
0.043219
0.0118953
0.0185343
0.0032025
0.0036148
0.0012439
0.002129
0.0283424
0.0411227
0.0088438
0.0143423
0.0033139
0.0286683
0.0258305
0.0237668
0.0033585
0.036841
0.0283623
0.0033051
0.0129657
0.028786
0.0034693
0.0040538
0.0085106
0.0032058
0.0197693
0.0249612
0.0274675
0.0434511
0.0159064
0.0298442
0.0106125
0.0075345
0.0050067
0.0398212
0.0001349
0.0616923
0.0256128
0.0440507
0.0036951
0.029461
0.0446482
0.0275977
0.0525886
0.0364853
0.109532
0.0311393
0.0148026
0.0414822
0.0398445
0.0469748
0.0847724
0.0602457
0.0068605
8.25e-05
0.103174
0.192747
0.0846917
0.025803
0.0733812
0.0073742
0.0404769
0.0447592
0.0148245
0.041583
0.0118386
0.0905401
0.0844175
0.0067281
0.129272
0.0565128
0.038899
0.100204
0.108886
0.0507495
0.0678704
0.0606428
0.0195992
0.0045859
0.0477911
0.0434456
0.0091573
0.0613564
0.0623963
0.0841076
0.0432823
0.000465
0.0909263
0.0139513
0.0103553
0.0351368
0.0162737
0.043074
0.151557
0.0132364
0.0163861
0.0718081
0.0050819
0.0074148
0.0007036
0.0138962
0.0052375
0.0050124
0.041054
0.0064945
0.0940946
0.0210688
0.122258
0.0475267
0.0109285
0.111121
0.0140316
0.101361
0.0547703
0.112781
0.0395961
0.0082403
0.0938823
0.0063954
0.0989302
0.0002583
0.0558162
0.0596262
0.0770731
0.0659253
0.0716988
0.037268
0.0002412
0.0546022
0.0668713
0.0320208
0.0177357
0.0554456
0.0123666
0.0678022
0.128726
0.0542474
0.0145628
0.0062392
0.0728912
0.0885087
0.0270272
0.0571937
0.0749393
0.0059684
0.0560116
0.0753336
0.0162594
0.010343
0.102774
0.0578513
0.0389027
0.0466951
0.0448351
0.0663615
0.005208
0.0175401
0.0586558
0.0188091
0.0147185
0.0094589
0.0075026
0.0289718
0.0225331
0.0064614
0.047105
0.0456121
0.0496506
0.0102572
0.0079413
0.0597592
0.0080502
0.0917527
0.0828139
0.0631591
0.0372048
0.0242843
0.0905746
0.058406
0.0402016
0.0612905
0.0060519
0.0598794
0.0083778
0.10987
0.0817028
0.0256349
0.0102931
0.0207814
0.0058097
0.0636166
0.0790882
0.0052046
0.0734604
0.007515
0.066845
0.0048311
0.0427445
0.043974
0.0814149
0.149137
0.055476
0.0331938
0.0069782
0.0157261
0.0926597
0.0328954
0.0186145
0.0427922
0.013242
0.0276191
0.0269162
0.0488042
0.0240469
0.0674075
0.0708594
0.016344
0.062938
0.0819998
0.005596
0.107809
0.0071338
0.0097137
0.0691228
0.125905
0.0248788
0.073211
0.0055587
0.196366
0.0775937
0.0005609
0.117339
0.0809127
0.0577941
0.0078928
0.117645
0.0159813
0.110947
0.0654617
0.0266171
0.0477343
0.0390143
0.02687
0.135255
0.066371
0.058239
0.0347124
0.117187
0.141747
0.0308503
0.00859
0.0738325
0.0126111
0.0060576
0.0866326
0.007667
0.0145258
0.0101411
0.0611339
0.0195448
0.0845082
0.0468577
0.0471692
0.0452526
0.0057049
0.0768179
0.0143698
0.0148089
0.0077662
0.0784711
0.0735498
0.0051073
7.98e-05
0.0033042
0.0215776
0.0051944
0.0067694
0.0023615
0.0151396
0.0250557
0.0073568
0.0060919
0.0437059
0.0200445
0.142398
0.0717888
0.0077513
0.0404621
0.0224047
0.0588896
0.0469763
0.0050755
0.0489576
0.0081703
0.0523541
0.0422374
0.0625129
6.82e-05
0.0002156
0.0494329
0.0653767
0.0134035
0.0626259
0.0276583
0.0032116
0.0434254
0.0414804
0.0083103
0.0378474
0.0032269
0.0041316
0.0281249
0.0240529
0.036122
0.0034686
0.0005888
0.0268965
0.011111
0.0266451
0.0248995
0.0207694
0.0030974
0.0028962
0.0395392
0.0032025
0.0443674
0.0258022
0.0245192
0.0076053
0.0444107
0.0277067
0.018662
0.0036163
0.0081105
0.0067869
0.025733
0.0206417
0.034562
0.0101324
0.0276147
0.0105518
0.0032646
0.0296797
0.0491618
0.0049849
0.0730603
0.0104325
0.0390338
0.0395036
0.0452851
0.0124281
0.0280363
0.0441388
0.0109882
0.0240624
0.0282736
0.0109124
0.0251561
0.0133355
0.0040731
0.0266057
0.0266051
0.003414
0.0107678
0.0031818
0.0430782
0.005665
0.0036807
0.0034094
0.0302126
0.0046663
0.0093734
0.0013814
0.0117624
0.0272236
0.0269196
0.0031798
0.0061007
0.0420075
0.0255381
0.0032474
0.0066368
0.0456149
0.0070411
0.0397757
0.0230631
0.0222566
0.0237918
0.0444605
0.003372
0.0434628
0.021575
0.0289007
0.0036054
0.0568789
0.0276623
0.0109946
0.0432469
0.0583787
0.0440977
0.0450776
0.005124
0.025879
0.0132754
0.0424824
0.0167873
0.0590636
0.0445289
0.04495
0.0049885
0.0040209
0.0268322
0.0252205
0.0042192
0.0249639
0.0049265
0.0109172
0.04869
0.0245578
0.005457
0.0036121
0.0137648
0.0030857
0.0095491
0.003095
0.0299038
0.0272074
0.0124696
0.0144242
0.0440505
0.0263915
0.0441689
0.0032642
0.0250859
0.0431042
0.0545993
0.0032187
0.0712011
0.023531
0.056683
0.0283331
0.0089265
0.0033315
0.0076181
0.0276713
0.0050973
0.0269616
0.0037878
0.0767321
0.0030167
0.0253844
0.018171
0.0269482
0.0299301
0.0260564
0.014093
0.0419138
0.0034156
0.0121893
0.006925
0.0421561
0.0037857
0.0467041
0.0067367
0.0566659
0.0077201
6.9e-06
0.0297025
0.0032483
0.0407818
0.0167267
0.0278979
0.0576491
0.040804
0.0405804
0.0093385
0.0064412
0.0404667
0.0152881
0.002171
0.0427532
0.040559
0.0275712
0.0031989
0.059048
0.0263283
0.0616182
0.0271776
0.0256126
0.031802
0.0037243
0.0031353
0.0283579
0.0276681
0.0032848
0.0216513
0.008424
0.0436614
0.0595575
0.020363
0.0051839
0.0124894
0.0078548
0.0699607
0.0499927
0.0422538
0.0123347
0.0039559
0.0580293
0.0097486
0.0113474
0.0032476
0.0428212
0.0032469
0.0049803
0.0421644
0.0212872
0.003273
0.0039401
0.0068428
0.0172126
0.0172649
0.0029765
0.0295462
0.0452755
0.0273768
0.0033201
0.0440321
0.0239027
0.0260247
0.0281681
0.0103292
0.0042487
0.0256032
0.0031514
0.0450131
0.0284544
0.0100269
0.0435796
0.0060361
0.0031133
0.0085534
0.0040404
0.042873
0.0465622
0.0451371
0.0266411
0.0439809
0.0269059
0.0037905
0.0414919
0.0053919
0.004301
0.0257258
0.0058837
0.0273178
0.0353119
0.0275373
0.0447054
5.84e-05
0.0439547
0.0033616
0.0042541
0.0031532
0.029326
0.0136294
0.0036519
0.0430817
0.0292876
0.0429189
0.0438056
0.0191844
0.0031914
0.0094609
0.0049932
0.0004782
0.006855
0.0257119
0.0080661
0.0066877
0.0035304
0.0042182
0.0121316
0.0280944
0.0415698
0.0031928
0.0329502
0.0170214
0.0071948
0.0365221
0.0564306
0.0422143
0.0010233
0.015642
0.0275964
0.0246817
0.0409607
0.0736445
0.0044229
0.0255057
0.0258002
0.0605784
0.0021903
0.0086573
0.0792829
0.0425674
0.0357639
0.0243141
0.0144206
0.0252204
0.0216674
0.0138998
0.0248194
0.0195575
0.0367738
0.0049921
0.0258698
0.0253052
0.0125428
0.0037841
0.0315046
0.0277752
0.0046775
0.0271662
0.0391059
0.0102589
0.0030571
0.0452974
0.0118381
0.0030305
0.0055325
0.0128426
0.0105559
0.0034783
0.003725
0.0252286
0.0064429
0.024054
0.0438811
0.024781
0.0274044
0.0247877
0.0032982
0.0002384
0.0034253
0.0582907
0.0120016
0.0454059
0.0091336
0.0259763
0.0143477
0.0031034
0.0424477
0.0416319
0.0296403
0.0444761
0.0033516
0.0237807
0.0494767
0.0454245
0.0284266
0.0035326
0.0256044
0.0164545
0.0309897
0.0175814
0.0272591
0.0017044
0.045945
0.0182322
0.0215276
0.0257953
0.0479624
0.0032963
0.0449977
0.0282153
0.0064972
0.0266417
0.0249837
0.0260688
5.6e-05
0.0253236
0.0028001
0.0250376
0.0077653
0.0585552
0.0035695
0.0268655
0.0449309
0.0373599
0.0012493
0.0465171
0.0032648
0.0185591
0.0256242
0.0604819
0.0034189
0.0274627
0.0312409
0.0259919
0.0220255
0.0038337
0.0628014
0.0036812
0.0411033
0.003699
0.0157462
0.0092393
0.0030378
0.0037183
0.0034847
0.0204936
0.0257764
0.0135114
0.0066884
0.0262548
0.0426612
0.0264203
0.0456235
0.0600405
0.0408076
0.0450222
0.0165293
0.0425779
0.0233429
0.0085446
0.0045719
0.0287694
0.0416711
0.041111
0.0409135
0.0055947
0.0251039
0.0589826
0.0255439
0.027891
0.0411107
0.0299823
0.0080253
0.0440248
0.0260281
0.00522
0.0342772
0.0269783
0.0089498
0.027896
0.0033867
0.029078
0.0146172
0.005327
0.0367216
0.0313727
0.0102262
0.0031594
0.0223187
0.0035147
0.0095335
0.0258463
0.001177
0.0258012
0.0276528
0.0031353
0.0390323
0.0565854
0.0176927
0.0032146
0.0614106
0.000518
0.0255302
0.0068828
0.0032109
0.0270452
0.0089377
0.0041717
0.0263365
0.0421295
0.0291642
0.0439842
0.0426658
0.0264297
0.0421131
0.0432219
0.0040819
0.0038159
0.0258243
0.0083763
0.0031769
0.0256413
0.0415067
0.0265449
0.0416398
0.0318973
0.0037305
0.0036476
0.0031655
0.0124094
0.0033931
0.0238276
0.0093041
0.0042793
0.0548348
0.0413782
0.0253352
0.0117048
0.0292643
0.0031871
0.0003978
0.0146388
0.0651056
0.042609
0.0146941
0.0287578
0.00401
0.0243022
0.0418927
0.0033714
0.0044709
0.0744925
0.0236079
43.2737
