0.0007828
0.0046359
0.0005014
4.52e-05
0.0006419
0.0001869
0.001801
4.77e-05
0.0088325
0.0007261
0.0023174
0.0013353
0.0010732
0.0001052
0.0001968
0.0044925
0.0001551
0.0066835
0.0006516
0.002322
0.0003252
0.0002641
0.0015525
1.36e-05
0.0016097
0.0010642
0.0012031
0.0002697
0.0007377
2.54e-05
0.0016989
0.0021589
3.74e-05
0.0049193
0.0029287
1.75e-05
0.0059066
0.0010893
0.0003518
0.0007157
3.72e-05
0.0002061
0.0037568
0.0007983
0.00505
0.0070502
0.0012926
0.0064862
0.0009123
0.0002678
0.0010019
0.0054555
0.0012222
0.0001197
0.002277
0.0019231
0.0024043
0.0002505
0.0058527
0.0016591
0.0010319
5.54e-05
0.0009655
2.81e-05
0.0063241
0.005127
3.46e-05
0.0009457
3.41e-05
0.005827
0.0003285
8.21e-05
0.0072763
0.000621
0.0002306
0.0058817
0.0026469
0.0002093
0.0077564
0.0004511
0.0037579
5.26e-05
4.35e-05
0.0001587
0.0009262
0.0008047
1.34e-05
0.0004583
0.0002435
0.000929
0.0002199
0.000913
0.0007269
0.0002388
0.0017573
0.0074726
0.0027819
0.000206
0.0001569
0.0001418
0.0008696
0.0004927
0.0003191
0.0006793
0.0012851
0.0010839
0.0017904
0.0002126
0.0004892
0.000121
0.0003109
0.0002112
0.0013109
0.000114
0.0006131
0.0118681
0.004069
0.0025206
0.0002393
0.000556
0.0001493
0.0025336
0.0059524
0.0002475
0.0082934
0.0002151
0.0023172
0.0007368
2.07e-05
0.0057453
0.0024076
0.0006196
0.0009652
5.56e-05
0.0024179
0.0001537
0.0002242
8.17e-05
0.0002059
0.0002324
0.0002417
0.0010122
3.44e-05
7.04e-05
0.0004515
0.0029846
0.0004703
0.0012307
0.0003361
0.0004058
0.0001309
0.0018124
0.0014521
0.0004554
0.002748
0.0001604
0.007515
0.0002021
0.0034545
0.0058647
2.09e-05
0.0002486
2.65e-05
0.0007158
0.0009564
0.0003024
0.0046189
3.52e-05
0.0021033
0.0001218
0.000718
3.9e-05
2.44e-05
0.0023219
0.0024715
0.0003065
1.11e-05
0.0015556
0.0008937
0.0044605
0.0002892
7e-05
0.0007092
0.0044228
0.0023957
0.0072452
0.0091971
0.0057924
0.0005492
0.0002703
0.0020656
0.0008678
0.0007745
0.0014831
0.0001313
0.000676
0.0006272
0.0004584
5.85e-05
5.74e-05
0.0018502
0.0001157
0.0003329
0.0034794
0.001294
0.0012921
3.66e-05
0.0005015
0.0015307
0.0001383
0.0080968
0.0002183
0.0022281
0.0001456
0.0025461
6.29e-05
0.0053378
0.0008368
0.0008738
0.0012633
0.0008618
0.0021146
0.0019554
0.0006187
0.0008108
0.0002306
0.0001834
0.0058656
0.0006333
2e-05
0.0009511
0.0009655
0.0001434
1.44e-05
3.51e-05
0.0053836
1.35e-05
0.0001363
0.0003431
0.0005101
0.0016953
0.0089786
0.0048784
0.0010975
0.0019031
0.000505
0.0005062
0.0001412
9.08e-05
0.0020843
0.0002463
1.81e-05
0.0009014
0.0003268
0.0006879
0.0008563
0.0028478
8.66e-05
0.0032696
0.0062308
0.0005024
8.36e-05
0.0008576
0.0009546
0.000445
0.0001538
0.0010767
0.0091761
0.0009149
0.0058327
0.0027606
0.0022551
0.0121838
0.0012961
0.0003581
0.0059068
0.0002772
0.0012819
2.85e-05
0.0007601
0.0095937
0.0059544
0.0006275
0.0013994
0.0008239
0.0002184
0.0001197
0.0060156
3.5e-05
0.0001395
0.0058687
0.0009412
0.0060553
0.0006755
0.0002868
0.0001236
4.82e-05
0.000614
1.35e-05
7.82e-05
3.33e-05
0.0085789
0.0008896
0.0003021
0.0031197
0.0010707
0.0009004
0.000592
0.0058186
0.0043804
0.0005025
0.0012736
0.0017565
0.0005177
0.0005046
0.0029718
0.0014319
0.000513
0.0055855
0.002311
0.0010369
4.42e-05
0.001899
0.0009967
0.001247
0.0110246
0.000451
0.0003017
0.0024706
0.0082109
0.0015644
0.0011201
0.0004627
0.0029935
0.0001101
0.0021747
0.0003307
0.0104843
0.0001338
0.000386
0.0060351
2.4e-05
0.0015552
0.0044435
0.0008691
0.0015536
0.0011052
0.0002031
0.0008981
0.0028894
0.0055992
0.0013601
0.0009631
0.003807
3.88e-05
0.0042972
0.0010178
0.0111844
0.0003764
0.0009812
8.28e-05
0.0015732
0.0015325
0.0003624
0.001892
2.25e-05
0.0004309
3.74e-05
0.0043012
0.0004505
0.0004628
0.0003906
0.0001699
7.06e-05
0.0009386
0.0079484
0.0001611
9.11e-05
0.0013184
0.0007112
0.0008723
3.86e-05
0.0011219
0.0004569
0.0010807
0.0006354
0.0009167
0.0006447
0.0035583
1.18e-05
0.0018267
0.0003399
3.74e-05
0.0006708
0.0004291
0.003128
2.46e-05
0.0018514
0.0001544
0.0002918
0.0001767
0.0003578
0.0004349
0.0113617
0.0009526
4.76e-05
0.0052082
0.002099
0.0084245
0.0001133
0.0050652
0.0057603
0.0013378
4.89e-05
0.0017118
0.0056857
0.0014031
0.0020501
0.0012236
2.45e-05
0.0049236
0.0032198
0.0029569
0.0010732
0.0003309
3.34e-05
0.0001253
0.0022991
0.0001363
0.0005282
0.0019555
0.0004442
0.0005295
0.000894
0.0012666
0.005564
6.89e-05
0.002386
0.0118543
0.0001867
0.0016393
0.0001464
0.0004383
0.0006835
0.0003913
0.0004635
0.0016909
0.0096386
0.0096011
0.0058362
0.0009552
0.0012569
2.48e-05
0.0086324
0.0042775
3.68e-05
0.0059121
0.0096191
0.0052574
0.0044613
0.0002001
0.0023481
0.0030333
2.47e-05
0.0041358
0.0003166
0.0013511
0.0012027
3.58e-05
0.0009994
7.95e-05
0.0023932
0.0018347
0.0010008
0.005313
9.9e-05
0.0004684
0.0006531
0.0056709
0.0105019
0.0001398
8.26e-05
0.0003365
0.0004502
0.0056936
5.28e-05
0.0002518
3.67e-05
0.0013399
6.43e-05
0.0023541
0.0121719
0.0060527
0.0003399
0.0010821
0.0012988
0.0066186
0.0015603
0.0055745
0.0011618
0.0010401
0.0004661
0.0027488
0.0094966
3.87e-05
0.0058568
0.0009671
0.0053022
0.0013983
3.65e-05
0.0002449
0.0002375
0.0010634
0.0012345
0.0026987
0.0012457
1.85e-05
0.0011432
0.0004844
0.0036648
0.0008163
0.0006867
0.0164929
0.0010666
0.0036839
0.0016242
6.65e-05
0.0017277
3.44e-05
0.000474
0.0004434
0.0014068
0.000193
0.005151
0.0018158
0.0001512
0.0002247
0.0003026
0.0005061
0.0044929
0.0024561
0.0006387
0.0006582
0.0002573
0.0029278
0.002113
0.0002564
0.0007108
0.0011313
0.0004517
0.0001162
0.0011282
0.0028455
0.0057641
0.0003376
0.0006899
0.0011578
0.0059418
0.0050879
0.0002386
0.0002791
0.0063069
0.0048455
0.0011866
0.0009132
0.0013841
0.0007001
0.0015702
0.0035171
0.0010843
0.002551
0.0010022
0.002777
0.002098
0.0014921
5.35e-05
0.0041919
0.0010688
0.0045994
0.0002456
0.0033881
0.0002847
0.0049808
1.59e-05
0.002797
0.0002115
0.0001291
0.0019565
0.0040349
0.0027507
0.0087358
0.0007015
0.0001081
1.72e-05
0.0061343
0.0004663
0.0036699
0.0059739
0.0002729
7.88e-05
0.0004575
0.0022531
5.5e-05
1.8e-05
0.0037545
0.0080875
0.0004414
0.0003192
0.0014577
0.0074094
0.0074779
0.0014878
0.0002686
5.45e-05
0.0004645
7.63e-05
0.0006987
0.0009248
0.002524
0.0004659
4.68e-05
0.0009166
0.0020118
0.0008522
0.0021604
0.0001228
0.0062998
0.0011546
0.0008735
0.0002429
0.0076005
0.0001557
0.0039107
0.0022466
0.0015076
0.0001263
0.0004867
0.0014004
0.000331
0.0017573
0.0130545
6.47e-05
0.0010185
0.0001205
0.0013095
0.0019974
0.0006293
0.003894
0.0103237
0.0015629
4.66e-05
0.0001041
0.0002112
0.0002841
0.0001102
8.97e-05
0.0011829
0.0005674
0.0003217
0.0045763
0.005727
0.0002477
3.43e-05
0.0002254
6.1e-05
0.0003585
1.75e-05
0.0001072
0.0002094
7.15e-05
0.0041465
0.0001134
0.000119
0.0001582
7.06e-05
0.0014972
0.0040642
3.63e-05
0.0001237
0.00041
0.0002522
2.79e-05
0.0030374
3.74e-05
0.000515
1.55e-05
9.78e-05
0.0006761
5.15e-05
0.0003151
0.0009826
0.0081455
3.36e-05
7.13e-05
1.21e-05
0.0016777
0.0002115
0.0009156
0.0007723
0.0002263
0.001032
0.0002746
0.00038
0.011952
0.0013506
0.0004259
0.0044606
0.0013253
0.0008728
0.0015602
1.14e-05
0.0018714
7.23e-05
0.0003339
0.0004355
0.0049765
0.006762
0.0011975
0.0077341
2.21e-05
0.0038226
0.0007778
0.0001794
0.001657
0.0002319
0.0001283
2.52e-05
8.2e-05
9.96e-05
0.0003514
2.28e-05
0.0008387
0.0011018
0.0075574
0.0004112
0.0006735
0.0002658
0.0008381
0.0006071
0.0005558
0.0037069
0.0002773
0.002712
1.33e-05
0.0002814
0.0004854
0.0006624
0.0003018
0.0006069
0.0001986
0.001871
0.0005204
0.0007325
0.0002445
0.0011511
0.0042476
0.0068752
0.0024066
0.0004803
0.0012027
2.37e-05
0.0015138
0.0007001
0.0004143
0.0007043
2.21e-05
0.0006913
0.0004044
3.71e-05
0.0037847
2.34e-05
0.0001206
0.0005596
0.0033832
0.0040549
0.0006078
1.32e-05
0.0001663
4.03e-05
3.32e-05
0.0004641
0.0019049
0.0001437
0.0039648
0.0005255
0.0002713
0.0006931
6.8e-05
0.0003117
0.0014016
0.0006083
0.0002977
0.0003396
0.0002835
0.000326
0.0001739
0.0038022
0.0001174
0.000451
7.67e-05
0.0015542
4.17e-05
0.0001088
0.0005046
0.0009923
1.01e-05
8.89e-05
8.08e-05
0.0008659
0.0002858
0.0002741
0.0041652
0.001
0.0011349
0.0024928
3.81e-05
0.0010318
0.0047719
0.0040417
0.0007542
0.0003818
0.0003129
0.0003161
0.0003082
0.0034219
0.0001634
0.0002032
0.0010944
0.0001673
0.0009089
0.0004151
0.0003186
0.0001969
0.0006336
0.001748
0.0012778
9.13e-05
0.000663
0.0005099
0.0003184
0.0005764
0.0001436
0.0007928
0.0004324
0.0055208
0.0002871
0.0033156
0.0004173
0.0031399
9.75e-05
0.0005823
3.61e-05
0.0002805
7.35e-05
0.0002595
0.0001634
0.0013267
0.0008741
9.42e-05
0.0004477
0.0001628
0.0032849
0.0022994
0.0034589
0.0003223
0.0005741
0.0002601
0.002301
0.0015376
0.0001165
0.0012671
0.0037466
0.000755
0.0006062
0.0023492
0.0003772
0.0001208
0.0002923
0.0003712
0.0006213
4.58e-05
0.0003592
0.0008474
0.0015082
0.0003062
7.78e-05
0.0013486
0.0013937
0.0014279
0.0004105
3.63e-05
0.0003923
0.0011635
0.0009241
0.0009078
0.0011532
0.0008889
2.01e-05
0.0002818
0.0008053
0.0001949
0.0006041
0.0008046
0.001316
0.0001153
0.0030894
4.67e-05
0.0011089
6.87e-05
4.28e-05
2.09e-05
2.1e-05
0.0003325
0.0003083
0.0002298
0.0004431
0.0004812
8.58e-05
0.0004485
0.0001469
2.35e-05
6.31e-05
0.0038153
0.0001164
7.35e-05
2.3e-05
4.4e-05
1.53e-05
0.0025358
0.002299
0.0006296
0.000342
0.0002597
0.0004055
0.0004087
0.0007834
0.0024544
1.39e-05
1.01e-05
0.0016041
0.0014635
0.0009117
1.24e-05
0.0007838
0.0001844
5.69e-05
0.0002747
0.0008264
0.0035712
0.0003526
3.93e-05
0.0015567
0.0016553
0.0006338
0.0042017
0.0003575
0.0001095
4.28e-05
0.0001046
0.000224
0.0006371
0.0007824
0.0006211
0.0021973
0.000779
5.22e-05
2.64e-05
0.0001078
7.72e-05
2.21e-05
0.0006626
9.58e-05
0.0004287
0.0038671
0.004257
0.0001417
7.19e-05
0.0002797
0.0003039
0.0041113
0.0006756
3.04e-05
0.0001169
0.0004237
7.63e-05
0.0001182
7.68e-05
0.0039952
0.0001107
0.0012001
0.0008001
0.0039519
6.66e-05
0.000783
4.6e-05
0.0008966
0.001614
0.0079834
0.0001909
0.0032157
632.726
