0.0608268
0.124478
0.0777565
0.13317
0.0421059
0.0530231
0.0230751
0.0849622
0.0194823
0.0831423
0.082926
0.134185
0.083961
0.082448
0.133156
0.0428503
0.0855011
0.0133304
0.081303
0.0217278
0.18341
0.0793329
0.0752336
0.0556937
0.0780011
0.0511926
0.0761122
0.0757081
0.0798512
0.0520569
0.10741
0.182147
0.0847213
0.0212581
0.0498471
0.0585827
0.0019683
0.0810634
0.0750059
0.058869
0.0867285
0.134149
0.0597601
0.0814311
0.0782728
0.0275434
0.132392
0.0806862
0.0751139
0.12631
0.115047
0.0083589
0.0789065
0.071352
0.0640931
0.129569
0.0771679
0.0555173
0.0034293
0.0547556
0.0908608
0.129645
0.126662
0.0871224
0.124076
0.0273322
0.0924415
0.0630263
0.125733
0.0253163
0.0860558
0.0910577
0.0461586
0.0791581
0.024192
0.0029188
0.0677625
0.183135
0.0291838
0.0239357
0.0244344
0.0865165
0.0782334
0.129877
0.130909
0.209482
0.0264609
0.0841779
0.123473
0.0444356
0.182722
0.0835146
0.0720823
0.233138
0.109091
0.216731
0.0913769
0.310824
0.220057
0.215806
0.0897369
0.0927245
0.0702619
0.0605493
0.131767
0.112926
0.137944
0.144056
0.123648
0.236088
0.284534
0.0610232
0.194975
0.0518434
0.130754
0.0502274
0.045908
0.137241
0.1215
0.297298
0.0478572
0.0816738
0.0113375
0.0383137
0.129495
0.289715
0.156445
0.127802
0.124527
0.0337102
0.0402069
0.136823
0.100885
0.219159
0.0624881
0.137988
0.0326654
0.134219
0.139287
0.093302
0.207927
0.231806
0.215602
0.171911
0.0440194
0.132819
0.0718316
0.12495
0.192611
0.0413925
0.166723
0.0507793
0.0407448
0.120939
0.226404
0.0540348
0.140723
0.198453
0.144022
0.0220341
0.21634
0.12073
0.141077
0.0966915
0.13528
0.148642
0.0658663
0.202077
0.102222
0.312424
0.127987
0.202404
0.230074
0.122588
0.12849
0.234924
0.0424773
0.127648
0.0709027
0.167438
0.115776
0.197819
0.0886825
0.15266
0.0421418
0.03414
0.0075436
0.0149532
0.214063
0.228442
0.0698004
0.0831007
0.0466559
0.133956
0.135036
0.119717
0.0322666
0.225312
0.142582
0.0447777
0.0741193
0.139732
0.0560771
0.0495362
0.0959523
0.0553295
0.108944
0.130227
0.134024
0.206059
0.143258
0.145753
0.0589509
0.0488852
0.0496578
0.240394
0.0041624
0.298093
0.155091
0.213704
0.0562247
0.138358
0.224841
0.134031
0.126108
0.129497
0.31268
0.108421
0.0812063
0.141476
0.0962695
0.21365
0.212087
0.149575
0.165815
0.0008593
0.145889
0.201721
0.212604
0.0748681
0.145408
0.0578705
0.120503
0.131794
0.123584
0.147615
0.0393011
0.203277
0.228042
0.0414591
0.20749
0.155577
0.138035
0.225042
0.22757
0.119766
0.13199
0.122645
0.0788382
0.0088756
0.131355
0.128766
0.0480864
0.130029
0.138382
0.19976
0.148714
0.0052762
0.179749
0.0455509
0.0608694
0.0838885
0.0400584
0.122939
0.201792
0.0229398
0.0411017
0.228547
0.0473502
0.0933697
0.0088776
0.0530952
0.0641105
0.0670054
0.145017
0.12649
0.210283
0.0707181
0.302588
0.0901597
0.0466759
0.236157
0.0338613
0.175779
0.0856195
0.267972
0.14388
0.0341112
0.124558
0.136074
0.219541
0.0017618
0.129421
0.222204
0.269509
0.0911038
0.184849
0.202134
0.0016241
0.145191
0.127286
0.0868809
0.0471993
0.122543
0.174743
0.202664
0.328592
0.192712
0.0654067
0.0462461
0.223812
0.222436
0.0603631
0.229782
0.218328
0.047118
0.131205
0.237678
0.0455042
0.0526777
0.305498
0.165166
0.127406
0.232569
0.141989
0.22428
0.0747105
0.144274
0.14682
0.135316
0.0599858
0.167617
0.073113
0.0743774
0.0649661
0.0316709
0.142253
0.122301
0.142719
0.117157
0.0593185
0.138589
0.126795
0.238785
0.22715
0.176651
0.176238
0.0729201
0.201736
0.142424
0.13063
0.13816
0.120309
0.207575
0.16465
0.194956
0.205492
0.17565
0.0499985
0.0480484
0.119413
0.139023
0.216797
0.050951
0.204069
0.0543091
0.226776
0.0342597
0.156554
0.137575
0.207355
0.298366
0.178813
0.0867659
0.0378664
0.0532543
0.206403
0.0767032
0.107732
0.12597
0.0473836
0.117614
0.0822143
0.12868
0.0718969
0.200155
0.211186
0.0700567
0.133698
0.2221
0.241891
0.306156
0.119589
0.0601985
0.126346
0.325224
0.089613
0.199062
0.0492142
0.305654
0.115451
0.0046379
0.21069
0.197657
0.141195
0.031006
0.229937
0.0717246
0.243494
0.218688
0.0816517
0.137917
0.242913
0.212719
0.230694
0.139949
0.161817
0.211077
0.227257
0.389497
0.167061
0.139965
0.248695
0.165426
0.087179
0.230532
0.0674941
0.0697382
0.0436067
0.134208
0.141827
0.218618
0.161437
0.198063
0.126971
0.0472159
0.211853
0.0658815
0.0693063
0.0214662
0.205637
0.215001
0.162744
0.0012892
0.02753
0.164714
0.0330287
0.0229095
0.0065698
0.0541259
0.0808114
0.128738
0.059292
0.135497
0.0717792
0.28105
0.156044
0.049915
0.122046
0.0545489
0.128184
0.129743
0.0617508
0.136816
0.0430703
0.144084
0.132905
0.237188
0.0014062
0.0033087
0.151115
0.13745
0.103888
0.307787
0.281994
0.0565542
0.233348
0.224692
0.0542931
0.207061
0.0486788
0.055823
0.132674
0.171379
0.223861
0.0513772
0.00995
0.14247
0.0586462
0.123205
0.127478
0.126977
0.0377732
0.0358837
0.225876
0.0246396
0.230515
0.137521
0.123298
0.149043
0.220259
0.128898
0.0771515
0.0674021
0.0542621
0.0829575
0.136175
0.107137
0.177382
0.0858508
0.132352
0.0656099
0.0369421
0.129008
0.234111
0.0480085
0.367878
0.0682161
0.194439
0.198594
0.229026
0.0853484
0.132768
0.197047
0.12746
0.142693
0.120384
0.0652107
0.127262
0.0622979
0.115507
0.122095
0.142107
0.0836377
0.0541524
0.134825
0.22213
0.0633961
0.100041
0.0336228
0.124202
0.0775827
0.065896
0.0306414
0.126719
0.114961
0.1195
0.0189847
0.109007
0.203965
0.173221
0.0313678
0.0457752
0.198603
0.051105
0.194668
0.130485
0.115461
0.130888
0.237452
0.0950072
0.234131
0.165087
0.151411
0.0589578
0.290283
0.178864
0.144325
0.234464
0.287035
0.206445
0.22188
0.0882305
0.136112
0.177053
0.215194
0.102552
0.273911
0.2153
0.211271
0.0510039
0.0463285
0.130344
0.124996
0.0284262
0.134082
0.0443456
0.0533946
0.216703
0.130746
0.0543737
0.0628411
0.236826
0.0649649
0.0706656
0.0282373
0.126977
0.146533
0.0626664
0.0584942
0.193364
0.127311
0.194676
0.168073
0.142197
0.24105
0.289642
0.0357032
0.37797
0.151965
0.289611
0.176279
0.104029
0.052863
0.124002
0.122543
0.0392068
0.139107
0.100305
0.365835
0.0348952
0.14454
0.0823997
0.117636
0.134352
0.118542
0.0826317
0.276284
0.132673
0.0697939
0.0597939
0.208463
0.09722
0.201562
0.0504045
0.272813
0.0599371
0.0008162
0.119492
0.037026
0.204271
0.103275
0.141598
0.291153
0.217711
0.188332
0.0667633
0.18149
0.199449
0.0902388
0.0355906
0.204895
0.209041
0.128892
0.10601
0.29477
0.136386
0.285738
0.158787
0.126657
0.14147
0.105464
0.0443003
0.135272
0.131498
0.0432232
0.121171
0.14137
0.211271
0.311681
0.141099
0.141586
0.115556
0.158049
0.342001
0.246342
0.230701
0.0712797
0.180606
0.2859
0.0916178
0.0565936
0.113862
0.203014
0.0508768
0.0702425
0.196115
0.111652
0.0446842
0.0889214
0.0949018
0.148575
0.131447
0.0620106
0.157875
0.213991
0.131798
0.043055
0.207506
0.15219
0.119609
0.131191
0.135894
0.10347
0.14284
0.0395028
0.20331
0.145654
0.0521427
0.262891
0.027351
0.105111
0.111568
0.0687686
0.204805
0.207872
0.2309
0.146043
0.205035
0.133815
0.0874449
0.306033
0.0596406
0.0351684
0.126641
0.0974367
0.130282
0.192199
0.133589
0.204361
0.0013287
0.220461
0.0423666
0.0948053
0.0437815
0.133076
0.0767187
0.044871
0.201264
0.203559
0.229713
0.222142
0.121631
0.0376472
0.0560152
0.0565136
0.008334
0.105869
0.118569
0.271329
0.153704
0.0445526
0.0951134
0.0748442
0.153179
0.189073
0.096649
0.263754
0.212296
0.0468186
0.206234
0.30095
0.222774
0.0157752
0.0926544
0.122143
0.116949
0.2023
0.353599
0.214701
0.168745
0.127489
0.296426
0.0286244
0.115266
0.351529
0.231409
0.175532
0.123816
0.071812
0.139136
0.109683
0.105434
0.120217
0.102331
0.181469
0.0402575
0.13265
0.128806
0.0668344
0.0437918
0.126873
0.12563
0.0660993
0.136749
0.162227
0.0557949
0.0800652
0.190942
0.0994218
0.0400291
0.0718311
0.0736181
0.0582633
0.0441877
0.164433
0.13074
0.0901169
0.113308
0.199553
0.144604
0.122416
0.117938
0.0356384
0.0017292
0.0567358
0.278453
0.133302
0.198416
0.0773059
0.124572
0.0977399
0.0414187
0.196988
0.202989
0.160073
0.208549
0.131122
0.154719
0.21937
0.21453
0.149816
0.0604373
0.14211
0.174663
0.133377
0.0791071
0.125497
0.0187151
0.203798
0.163645
0.215507
0.12979
0.237443
0.0539955
0.192296
0.122599
0.0608637
0.142189
0.162384
0.136414
0.0010875
0.119519
0.0208687
0.12479
0.0544893
0.30928
0.05278
0.130172
0.207014
0.316208
0.0102704
0.217902
0.112184
0.111794
0.115968
0.257863
0.0643529
0.117995
0.159489
0.147754
0.132237
0.133939
0.307471
0.101195
0.246902
0.0632062
0.095135
0.0638783
0.0426492
0.168645
0.0419988
0.110306
0.127337
0.117388
0.0605103
0.168176
0.191365
0.154599
0.202419
0.28572
0.221451
0.237012
0.0816402
0.201917
0.117203
0.0607311
0.0931185
0.136764
0.190243
0.224162
0.22498
0.0998123
0.123014
0.262499
0.126405
0.12544
0.191131
0.152534
0.104989
0.204636
0.133229
0.0372965
0.155394
0.127593
0.149675
0.157441
0.0504868
0.151232
0.0709228
0.114403
0.256955
0.136038
0.0636329
0.0656309
0.196954
0.053477
0.11076
0.119219
0.0396166
0.137096
0.12988
0.036981
0.200857
0.270917
0.0912598
0.0353698
0.260382
0.0078494
0.129393
0.196346
0.0441093
0.132914
0.0527151
0.0505755
0.124856
0.196763
0.129248
0.197542
0.210582
0.145514
0.186448
0.197286
0.0423191
0.0366203
0.12398
0.16086
0.0343498
0.143658
0.176256
0.119287
0.195526
0.14519
0.0318205
0.043749
0.0408174
0.0641997
0.0579104
0.140316
0.0496992
0.099979
0.28514
0.214293
0.12923
0.134224
0.135614
0.117608
0.0087194
0.0910678
0.284737
0.234057
0.073756
0.135496
0.106482
0.125626
0.195065
0.0362448
0.0658877
0.353592
0.119438
136.094
