0.0210247
0.0550006
0.0401823
0.0624975
0.0218803
0.0187194
0.0123586
0.0267103
0.0110111
0.0439142
0.0410735
0.0641734
0.0422027
0.0406345
0.0635766
0.0245254
0.0412774
0.0067566
0.039927
0.0125506
0.0876611
0.0418522
0.040132
0.022006
0.041646
0.0176924
0.0390308
0.0388328
0.0396921
0.0177524
0.045037
0.091755
0.0438083
0.011678
0.0277054
0.0251975
0.001336
0.0392472
0.0377846
0.0309621
0.0281862
0.0643788
0.0252191
0.0436982
0.0398739
0.0150584
0.060483
0.0410769
0.038472
0.063618
0.0535244
0.0042645
0.0391416
0.0310219
0.0203699
0.0638812
0.0408051
0.0222728
0.0019057
0.0199158
0.0284829
0.0607899
0.0585775
0.0292928
0.0606355
0.0141265
0.0273064
0.0285056
0.0622467
0.011763
0.0431026
0.0457903
0.0259272
0.0386843
0.0120827
0.0011696
0.028355
0.0840302
0.0163808
0.0112317
0.0121646
0.0440722
0.0412284
0.0618208
0.0633799
0.0948602
0.0135533
0.0414709
0.0619413
0.0170816
0.0655055
0.0169641
0.0139696
0.063632
0.0205852
0.0603356
0.0226478
0.083288
0.0618058
0.0671343
0.0171028
0.0153036
0.0169502
0.0138658
0.0397134
0.0293872
0.0425038
0.0388415
0.0395775
0.0613886
0.0851085
0.0137563
0.055841
0.0113934
0.0438524
0.0148869
0.0111198
0.0433301
0.0288053
0.0915372
0.0145395
0.0263533
0.0034418
0.0124526
0.036111
0.0860931
0.044339
0.0347878
0.0389974
0.0106326
0.0119683
0.0412118
0.0225779
0.0629416
0.0140002
0.0437696
0.0113446
0.044307
0.0336518
0.0280282
0.0601152
0.0627178
0.0602396
0.0388216
0.0110987
0.0360791
0.019257
0.0399087
0.0667569
0.0113579
0.0442672
0.0194438
0.0126081
0.0378348
0.0672146
0.0115881
0.0314258
0.0610811
0.0418792
0.0058243
0.0599881
0.0210556
0.0197706
0.0276129
0.0385948
0.0367401
0.0204743
0.0617648
0.0227361
0.0855818
0.0395383
0.0618745
0.0619968
0.0389579
0.0393336
0.0672415
0.0128298
0.0392524
0.0245528
0.0497589
0.0226178
0.0627376
0.0315926
0.0729952
0.0201095
0.0185084
0.0067063
0.0120846
0.104796
0.109266
0.0334305
0.0468466
0.0192491
0.0868361
0.0825244
0.0922701
0.0249239
0.130284
0.083294
0.022325
0.0513659
0.0995069
0.026672
0.0286307
0.0536188
0.0267727
0.0729284
0.0840469
0.0873151
0.14708
0.0661706
0.0999366
0.0324419
0.0320121
0.0236655
0.114056
0.0026581
0.179127
0.09575
0.142816
0.0246759
0.080178
0.122529
0.0811061
0.0793965
0.0868131
0.168474
0.0683772
0.0523487
0.0755536
0.0567974
0.0993546
0.13667
0.0844646
0.0761433
0.000408
0.0853055
0.139686
0.123593
0.0399612
0.094872
0.0307961
0.0674482
0.07076
0.0393525
0.0895231
0.023585
0.185632
0.166581
0.0220136
0.108932
0.0898829
0.0953469
0.162163
0.134327
0.0989389
0.114759
0.0992441
0.0450037
0.0067897
0.080463
0.103123
0.028121
0.0963362
0.0901489
0.120895
0.0785489
0.0033231
0.11351
0.0252919
0.0371679
0.0617778
0.0187371
0.0951922
0.120104
0.0143647
0.0344892
0.162747
0.0284501
0.0227191
0.0034061
0.0320941
0.0221858
0.0197391
0.0787708
0.0371389
0.151743
0.0438208
0.192356
0.0683391
0.0322768
0.15165
0.0135751
0.0857194
0.0646659
0.140301
0.0884083
0.0296449
0.105311
0.0595954
0.153362
0.0035898
0.107653
0.129112
0.16319
0.0708921
0.130976
0.107399
0.0008651
0.102264
0.0743842
0.05143
0.0328799
0.0903232
0.0666728
0.127552
0.185095
0.101445
0.0340642
0.0202474
0.130578
0.111818
0.0421498
0.151579
0.14996
0.024499
0.102724
0.119527
0.0409385
0.0276392
0.19234
0.0924691
0.0762796
0.105226
0.0889894
0.135024
0.0253987
0.0586973
0.124085
0.0748531
0.0505912
0.0643322
0.0518435
0.051744
0.0559721
0.0316579
0.120994
0.0981722
0.104556
0.0337799
0.0353196
0.0906122
0.0597417
0.15844
0.152058
0.098826
0.0875454
0.0458278
0.144735
0.0953363
0.0876057
0.0828861
0.032758
0.10165
0.0867101
0.123553
0.136426
0.0832694
0.0300371
0.0416938
0.0470606
0.0844575
0.116473
0.0228495
0.146319
0.0350617
0.133222
0.0346124
0.0826004
0.0754628
0.125626
0.192293
0.0827644
0.0781164
0.0283505
0.0442903
0.150538
0.0643969
0.0633353
0.097925
0.0436206
0.0820105
0.0793902
0.0969566
0.0562964
0.155146
0.128718
0.0370391
0.0787345
0.115333
0.0694452
0.200961
0.0409096
0.0399493
0.094904
0.214259
0.0497964
0.145123
0.0240483
0.182449
0.0886925
0.0017832
0.130215
0.100678
0.094308
0.0185439
0.179062
0.0285972
0.12474
0.122536
0.0476678
0.107939
0.0888326
0.0848298
0.148543
0.101424
0.0998449
0.0826187
0.101968
0.198301
0.0889622
0.0561029
0.127752
0.0464012
0.0478064
0.154147
0.0298345
0.0251271
0.0260345
0.0775997
0.0492299
0.115554
0.0787423
0.103564
0.096816
0.0331817
0.168213
0.0425213
0.0379264
0.018305
0.164711
0.141436
0.0656816
0.000407
0.0128371
0.0620937
0.0184852
0.0191762
0.0062916
0.0440446
0.0544634
0.0425799
0.0253142
0.0856122
0.0420849
0.223813
0.0830094
0.019985
0.0729618
0.0362818
0.0878981
0.0860076
0.0312606
0.107208
0.0249256
0.085657
0.113601
0.12476
0.0015949
0.0019741
0.100553
0.0936133
0.0441766
0.232107
0.115894
0.025119
0.117851
0.155524
0.0474092
0.142569
0.0312293
0.0225045
0.0905861
0.0990316
0.119502
0.0199935
0.0035775
0.0794415
0.0410951
0.0766724
0.0875426
0.0982209
0.0188037
0.0165925
0.15692
0.0152965
0.155408
0.0997573
0.0907008
0.0640999
0.129842
0.105748
0.072063
0.0515465
0.0461001
0.0523721
0.0841527
0.0574704
0.121658
0.0503846
0.0785175
0.0423739
0.0202805
0.0901475
0.135514
0.0308886
0.243408
0.0543551
0.128815
0.135933
0.132746
0.0590387
0.105325
0.134395
0.0638767
0.0645108
0.0720885
0.0433446
0.0828064
0.0449971
0.0376538
0.0707924
0.102673
0.044046
0.0494212
0.0571016
0.15594
0.0436353
0.0504847
0.0326987
0.0928483
0.0464693
0.0449431
0.011739
0.067027
0.0821212
0.102595
0.0153575
0.0495399
0.130958
0.0687459
0.0299636
0.0404429
0.153671
0.0424488
0.13204
0.080946
0.0965456
0.0977672
0.148577
0.0425931
0.139849
0.0735762
0.100183
0.0344249
0.195311
0.112039
0.0511493
0.153609
0.1866
0.135444
0.157463
0.0321627
0.0894659
0.0772678
0.148276
0.0635513
0.191829
0.135081
0.158342
0.0371851
0.0282814
0.101368
0.0828787
0.0220042
0.0745876
0.0272428
0.0354661
0.154585
0.0970097
0.0308634
0.0311158
0.110017
0.0227018
0.0391735
0.0245355
0.108102
0.0823344
0.0425103
0.062122
0.144379
0.064074
0.150012
0.0523037
0.0899818
0.137514
0.150302
0.0235785
0.242919
0.0891111
0.184233
0.117767
0.0561806
0.0270872
0.0534806
0.0998517
0.0307055
0.0987524
0.0464209
0.229621
0.0126392
0.0690502
0.0550087
0.0689701
0.0748188
0.0690289
0.048324
0.126038
0.0472657
0.0557627
0.0298724
0.131924
0.0434327
0.134797
0.0264311
0.1542
0.0420222
0.0002181
0.105284
0.019577
0.116075
0.0485951
0.083671
0.172492
0.143942
0.129909
0.0504146
0.0781126
0.14967
0.0648061
0.0186013
0.139924
0.153509
0.0916528
0.0399827
0.153751
0.0883129
0.20891
0.0874166
0.0775869
0.100849
0.0407195
0.0265731
0.0962315
0.095173
0.0240866
0.0666133
0.0726373
0.160054
0.208333
0.073719
0.0621192
0.0633166
0.0662237
0.240253
0.1593
0.143039
0.061005
0.0685406
0.205198
0.034494
0.0447474
0.0577901
0.144314
0.0236536
0.0283844
0.124163
0.0701262
0.0207692
0.0539519
0.051076
0.0640807
0.0761566
0.0173184
0.0919284
0.121222
0.100013
0.0377755
0.121898
0.0977492
0.071134
0.0863847
0.0615679
0.0518665
0.0828276
0.0201191
0.165388
0.090805
0.0271623
0.11586
0.0151288
0.03111
0.0457817
0.0279986
0.120086
0.138351
0.167054
0.102771
0.114999
0.114213
0.0575371
0.145632
0.0297187
0.0222671
0.108293
0.0604916
0.097609
0.140463
0.0985195
0.144838
0.0011438
0.142829
0.0358219
0.0469991
0.0226005
0.104334
0.056871
0.0306213
0.153687
0.102912
0.130143
0.148316
0.077633
0.0264488
0.0372991
0.0396609
0.0065552
0.0497034
0.10785
0.0752575
0.0716978
0.0257306
0.0360003
0.0363926
0.0924631
0.137765
0.0348519
0.155268
0.1289
0.0228775
0.133991
0.177723
0.113961
0.0066287
0.0587857
0.104343
0.0863238
0.146766
0.256232
0.0775364
0.0748369
0.0999882
0.187304
0.01135
0.0735313
0.256916
0.135734
0.141047
0.0839737
0.0615037
0.0828607
0.0704358
0.0554442
0.0903928
0.0752912
0.110983
0.0199411
0.0784897
0.0708798
0.0492304
0.0214256
0.11217
0.100194
0.0462605
0.0861492
0.127833
0.0452969
0.041437
0.136634
0.0548217
0.0241734
0.0367742
0.0645585
0.0408869
0.0242792
0.0672224
0.0922674
0.0413186
0.0875196
0.151451
0.101579
0.108926
0.0746614
0.0240956
0.0026594
0.0224187
0.19866
0.0786969
0.133357
0.048786
0.0688613
0.0710041
0.0215913
0.12462
0.133081
0.0867423
0.131557
0.0405128
0.0818148
0.133893
0.196797
0.104813
0.0332619
0.113674
0.0935938
0.0829386
0.0488758
0.0763114
0.016046
0.162054
0.0967673
0.124253
0.0858591
0.167991
0.0222426
0.140794
0.0683622
0.0327977
0.0826002
0.0724257
0.0865339
0.0014182
0.0775358
0.0092927
0.0737669
0.0280273
0.192743
0.0274362
0.122541
0.136642
0.164799
0.0069331
0.185437
0.0364467
0.0618994
0.069077
0.164813
0.0465332
0.0867308
0.0875808
0.0706823
0.0937454
0.0497809
0.195694
0.046651
0.11927
0.0359006
0.0651835
0.0589232
0.0242854
0.0585468
0.0293128
0.0757045
0.10896
0.0572545
0.0509744
0.09066
0.153607
0.0921489
0.13108
0.194755
0.123954
0.120416
0.0564187
0.137818
0.0687561
0.0336587
0.0397296
0.0983875
0.148097
0.162232
0.146571
0.055423
0.0861338
0.164422
0.0757124
0.06724
0.104321
0.0898684
0.0419505
0.145028
0.0739044
0.0187338
0.098337
0.0844015
0.0519551
0.0658597
0.0127874
0.0911704
0.0498892
0.0490886
0.127919
0.101342
0.0427864
0.0259174
0.0928882
0.02883
0.0544315
0.0814288
0.0232088
0.105502
0.078713
0.0199615
0.120206
0.183682
0.0562162
0.040215
0.158775
0.0029066
0.070643
0.0960313
0.0247864
0.113314
0.0317677
0.0271685
0.0827576
0.158828
0.105186
0.132697
0.119132
0.119904
0.11304
0.10676
0.021927
0.0228177
0.0736883
0.0618946
0.0264554
0.0859306
0.119968
0.0675429
0.131237
0.0823094
0.014266
0.0173993
0.0211132
0.039992
0.0231579
0.0633167
0.0272904
0.0340343
0.186858
0.139686
0.0899162
0.0665663
0.0988962
0.0398649
0.0045656
0.0431093
0.219294
0.163306
0.066505
0.0755131
0.0303574
0.0648545
0.131592
0.0226241
0.0299152
0.290755
0.0596861
81.9943
