0.0037874
0.0503825
0.0287387
0.059056
0.0130955
0.0061089
0.0048725
0.0093827
0.0084716
0.0409415
0.0430519
0.0555058
0.0468075
0.0334251
0.0497856
0.0161186
0.0291743
0.0054023
0.0304147
0.0062481
0.0639144
0.0461603
0.0265638
0.0126491
0.0309585
0.0058539
0.029517
0.028041
0.0274139
0.0045096
0.0397075
0.0902946
0.0311027
0.0063421
0.0293747
0.0173934
0.0004209
0.043638
0.0269739
0.0314096
0.0124339
0.0558179
0.0108478
0.0394226
0.0271477
0.0072084
0.0688172
0.0463925
0.0275393
0.0660026
0.0543818
0.0018423
0.0288597
0.0236438
0.0045569
0.05812
0.0366442
0.0081305
0.001882
0.0057873
0.009935
0.0468441
0.0629765
0.0131303
0.0459839
0.0066511
0.0060202
0.0189149
0.045737
0.0053925
0.0306667
0.0452519
0.0161394
0.0299964
0.0039872
0.0006493
0.0155819
0.0755216
0.011859
0.0034515
0.0075657
0.0361964
0.0367267
0.0691642
0.0689127
0.0711259
0.0035136
0.0433056
0.0466061
0.0037357
0.0593399
0.0065617
0.0095927
0.0640278
0.0093577
0.0446088
0.0191445
0.0995874
0.0453977
0.0689361
0.0091501
0.0056801
0.0124443
0.0094956
0.0441605
0.0166927
0.0442409
0.0436867
0.0434569
0.0583662
0.0719934
0.0059778
0.0513722
0.0038783
0.0300392
0.0117324
0.0036378
0.0565486
0.0132435
0.0974839
0.0067045
0.0179599
0.0035275
0.0068633
0.0341273
0.0681415
0.032531
0.0358651
0.0330564
0.0046318
0.0059482
0.0385704
0.0071209
0.0620729
0.0053437
0.0482298
0.0064684
0.0342612
0.0334174
0.0283132
0.0681578
0.0470762
0.0450015
0.0300683
0.0037128
0.03842
0.0166126
0.0327175
0.0597799
0.0035149
0.0348832
0.017403
0.0095167
0.0287467
0.0760897
0.0053319
0.0266544
0.0467858
0.0298964
0.0054638
0.06314
0.00983
0.0056001
0.0178727
0.0286048
0.0330075
0.0127235
0.0469594
0.0072017
0.0822686
0.0379755
0.0687829
0.0675526
0.0294481
0.0385994
0.0822392
0.0053697
0.0430316
0.0171374
0.0453041
0.0116072
0.0699217
0.018989
0.0303038
0.0035132
0.0037921
0.0019562
0.0034126
0.0443543
0.0452785
0.0146038
0.0185078
0.0035431
0.0467468
0.033554
0.0408837
0.0056298
0.0681162
0.04256
0.0058969
0.0239841
0.0307865
0.0059143
0.0067714
0.0088657
0.0034806
0.0327694
0.0404059
0.0363429
0.0694763
0.0183685
0.031808
0.0161224
0.0083574
0.0099989
0.0587648
0.0002719
0.0652737
0.028122
0.0702534
0.0040695
0.0330853
0.0718569
0.0295916
0.035471
0.022855
0.063665
0.0214852
0.01077
0.0476182
0.0222246
0.0389479
0.0841021
0.0270751
0.00409
4.27e-05
0.0271204
0.0454106
0.0634108
0.0042564
0.0451062
0.0047235
0.0363555
0.0285736
0.0073631
0.0487956
0.0058877
0.063147
0.07305
0.0072814
0.0475938
0.0419837
0.0259428
0.0674344
0.0708645
0.0394146
0.0475894
0.0277339
0.0168015
0.0016281
0.0276099
0.0530242
0.0114861
0.0316156
0.0414104
0.073791
0.0285772
0.0005028
0.0312266
0.0111771
0.0073073
0.014658
0.0050887
0.0399504
0.0507103
0.0028031
0.0034764
0.0782739
0.0062445
0.0040212
0.0005038
0.0129164
0.0037188
0.0053931
0.0295889
0.0071852
0.0687247
0.0104971
0.0995769
0.0248468
0.0118517
0.0547916
0.0042884
0.0488471
0.0268841
0.0648221
0.0271824
0.0063532
0.0269382
0.0056935
0.0548018
0.0002712
0.0372187
0.0565598
0.047406
0.0238119
0.0392435
0.0187617
0.0001591
0.0427079
0.0425938
0.0283749
0.0071741
0.0374891
0.005172
0.0448009
0.0694663
0.0472977
0.0049222
0.0054763
0.0496067
0.0461735
0.0197525
0.068705
0.0461828
0.0040575
0.0313298
0.0787042
0.0093837
0.010964
0.0799176
0.0295831
0.0285373
0.0509991
0.0301096
0.0681334
0.0039913
0.0112877
0.0499679
0.0212907
0.0096417
0.0093161
0.0080859
0.0204851
0.0181933
0.0065717
0.0374265
0.0283531
0.0246547
0.005354
0.0053044
0.047743
0.0054875
0.0520173
0.0829953
0.0357975
0.0375272
0.0144293
0.0737524
0.0415071
0.0481656
0.0587284
0.003731
0.0264279
0.0057039
0.0673229
0.0490777
0.0237635
0.0043797
0.0087521
0.005761
0.0352846
0.078742
0.0036611
0.0706
0.0087324
0.0659507
0.0052063
0.0357169
0.0330187
0.0598235
0.0746978
0.0308921
0.029067
0.0039722
0.0095714
0.0717276
0.0172027
0.0148973
0.0275336
0.0136098
0.0228005
0.0232118
0.0342829
0.0151702
0.0653638
0.0451485
0.01021
0.0511545
0.0716249
0.0039056
0.0905592
0.005928
0.0069867
0.0338331
0.0805511
0.0219186
0.0692681
0.003406
0.0647513
0.0304607
0.0003641
0.0481133
0.0374131
0.0482328
0.0036344
0.049614
0.0100732
0.0736549
0.0587625
0.0238822
0.0281999
0.0407518
0.0282267
0.0753999
0.0330848
0.0542686
0.0332508
0.046918
0.117379
0.026716
0.0086065
0.0716994
0.008327
0.0059231
0.0721601
0.0057665
0.0050382
0.008715
0.0319367
0.021004
0.0465189
0.028634
0.0452508
0.0273179
0.0056712
0.0688142
0.010317
0.0112994
0.003424
0.054552
0.072206
0.005504
5.24e-05
0.0032334
0.0084066
0.0044562
0.0045182
0.001569
0.0120059
0.01459
0.0065825
0.0055977
0.0280678
0.0164241
0.0914907
0.0583456
0.0055967
0.0422016
0.0217727
0.0397088
0.0279198
0.0055067
0.0280236
0.0042329
0.0291793
0.0289425
0.0807295
6.67e-05
0.0001282
0.0539947
0.0444531
0.007029
0.104398
0.043998
0.0037257
0.0752863
0.0689156
0.0144781
0.0416935
0.0038987
0.006894
0.0411218
0.0323671
0.0526188
0.0037665
0.0009537
0.0448405
0.0185206
0.0294019
0.0286801
0.0436169
0.0059086
0.0058013
0.0678004
0.0037459
0.0504868
0.0291495
0.0444062
0.008907
0.0670382
0.0446571
0.0259512
0.0039398
0.0133048
0.0075705
0.0446867
0.0225445
0.0470105
0.0220276
0.0443759
0.0107867
0.003671
0.0301244
0.0776305
0.0056486
0.0902279
0.017676
0.046023
0.0524228
0.0842542
0.0214492
0.0336127
0.054173
0.0123527
0.0501112
0.0453937
0.0175575
0.0430104
0.0138591
0.0048591
0.0355743
0.0349082
0.0066631
0.0202314
0.0048086
0.0579351
0.0088082
0.0039838
0.0038405
0.0331947
0.0087845
0.0151442
0.0021933
0.0191074
0.0278765
0.0334625
0.0064827
0.0106897
0.0604309
0.0453641
0.003782
0.0073043
0.0831937
0.0078408
0.0470238
0.0428954
0.0253316
0.0263097
0.0698925
0.0039234
0.0473598
0.0246659
0.0490652
0.005434
0.0630581
0.0424066
0.0118862
0.0688717
0.113045
0.0519962
0.0611327
0.0081957
0.0421541
0.0153377
0.0459674
0.0179849
0.0869046
0.0483551
0.0768916
0.0079525
0.0043593
0.0293832
0.0282477
0.0068832
0.0381153
0.00525
0.0178149
0.0819897
0.0278888
0.006718
0.0043443
0.0155586
0.0038677
0.0167547
0.0053952
0.0366384
0.044513
0.0136676
0.0282212
0.0723617
0.0484808
0.0498519
0.0057253
0.0286869
0.050433
0.0908449
0.0035905
0.129856
0.028221
0.0638997
0.0485723
0.0183837
0.0057829
0.0074446
0.0463638
0.0085881
0.0470203
0.0067777
0.101435
0.0036423
0.045038
0.0320219
0.0302288
0.0438559
0.0284905
0.0161478
0.0725173
0.0058587
0.0218928
0.0084438
0.0612407
0.0071404
0.0708548
0.0114367
0.064728
0.0093374
1.39e-05
0.0516858
0.0036201
0.0698479
0.0198283
0.0339086
0.0795376
0.0478497
0.0694387
0.0105692
0.0071478
0.0681465
0.0194302
0.004087
0.0509245
0.0606825
0.0470536
0.0060064
0.0677989
0.0435617
0.0823081
0.0302366
0.0282049
0.0352496
0.0055446
0.0033974
0.0399595
0.0474436
0.0065056
0.0376488
0.0099018
0.0629321
0.0774653
0.0336555
0.0088453
0.0203401
0.0143405
0.110597
0.0551901
0.0457663
0.0219779
0.0041701
0.0954244
0.0171212
0.0144005
0.006317
0.0464339
0.005599
0.0055429
0.0472575
0.0371893
0.0053928
0.0045435
0.0075235
0.0197252
0.0191099
0.0050105
0.0343077
0.0710392
0.0461453
0.0035953
0.0577094
0.0259612
0.032277
0.0336545
0.0120289
0.0072745
0.0429219
0.0039601
0.0748611
0.0300086
0.0111521
0.0711529
0.006643
0.0042439
0.0146043
0.00506
0.045612
0.051552
0.0667828
0.0348045
0.0485862
0.0339078
0.0056643
0.0455788
0.0092751
0.0045865
0.0289258
0.0102195
0.0395417
0.0407257
0.0460141
0.0501981
6.11e-05
0.0486827
0.0034406
0.0048162
0.003723
0.048897
0.0201385
0.0038649
0.0488265
0.0336248
0.0476169
0.0621093
0.0316072
0.0036018
0.0109722
0.0058519
0.0005727
0.0077155
0.0281879
0.0098553
0.007314
0.0061156
0.0069449
0.0134896
0.0394758
0.0451434
0.0036136
0.0624837
0.0287976
0.0083665
0.0506058
0.0972848
0.0484717
0.0011666
0.0174977
0.0325482
0.0275054
0.0458042
0.0985464
0.0054271
0.0418153
0.0291881
0.0685369
0.0035972
0.0145602
0.130722
0.0704549
0.0598175
0.0311025
0.0163886
0.0287865
0.0256272
0.0230766
0.0331798
0.0447873
0.0427875
0.0090796
0.028287
0.0279195
0.017632
0.0060537
0.0544732
0.0434908
0.0051577
0.050745
0.0446844
0.0112446
0.0036618
0.0513328
0.0219961
0.006568
0.0065478
0.0141466
0.0110613
0.0039635
0.0040568
0.0425476
0.0116984
0.0381927
0.0493661
0.0337053
0.0302242
0.0281534
0.0038516
0.0001966
0.0059951
0.100353
0.0133633
0.0551117
0.0100207
0.028012
0.015716
0.0034772
0.0683976
0.0629885
0.0320857
0.0564076
0.0055813
0.0266035
0.0549049
0.0716691
0.0475299
0.006189
0.0287044
0.0202698
0.0321969
0.0182387
0.0280208
0.0018363
0.0546799
0.0203959
0.023079
0.0431426
0.0513494
0.0036442
0.0474413
0.0358198
0.0100958
0.0444645
0.0259842
0.0307899
5.71e-05
0.0279451
0.0030957
0.0282917
0.0085214
0.0839667
0.0037294
0.0293499
0.0482976
0.0412654
0.0012333
0.0776233
0.0058378
0.0299075
0.0433303
0.0665231
0.003762
0.0292158
0.0343505
0.0304777
0.0234433
0.0064339
0.0669088
0.0042244
0.046507
0.0045173
0.0171057
0.016163
0.0035785
0.0036997
0.0056958
0.0235872
0.0308134
0.0138287
0.0071878
0.0295896
0.0437949
0.0277944
0.0461713
0.0711739
0.0423177
0.0720608
0.0171513
0.0650104
0.0333843
0.0096738
0.0080124
0.0300649
0.0448529
0.0478906
0.0508426
0.0063219
0.0276758
0.06396
0.0279768
0.0418265
0.0452849
0.0485001
0.0130658
0.0485186
0.0432853
0.0056948
0.0569327
0.0271712
0.0095755
0.0326483
0.0053123
0.0316964
0.0160469
0.0059424
0.0390146
0.0355015
0.010742
0.0055984
0.0223731
0.0044233
0.0163086
0.0280067
0.0019528
0.027183
0.0292767
0.0036085
0.0524298
0.0637593
0.0245311
0.0034299
0.0632551
0.0004498
0.0273
0.0128009
0.0054147
0.0366588
0.0117622
0.0046975
0.0461755
0.0470593
0.0321718
0.0494934
0.0486268
0.036398
0.0457571
0.0466191
0.0046219
0.0045157
0.0280868
0.0137813
0.003874
0.0285618
0.0453387
0.0395223
0.0489132
0.0350711
0.0042651
0.0042846
0.0035862
0.0154508
0.0038159
0.025733
0.0102421
0.0053828
0.0613817
0.0687037
0.0271473
0.0197989
0.0311029
0.003467
0.0004469
0.0162641
0.0697716
0.0473578
0.0165524
0.0389589
0.0037009
0.0257269
0.045654
0.0038885
0.0050207
0.083939
0.0249493
3.94482
