0.0033853
0.0314503
0.02712
0.0436572
0.0119316
0.0035735
0.0043299
0.0051241
0.0062602
0.0303648
0.0284218
0.0459718
0.0280627
0.0252144
0.0457168
0.0137158
0.0273791
0.0036085
0.0274434
0.0036756
0.0596569
0.0263117
0.0243016
0.0072662
0.0268597
0.003039
0.0252315
0.0250365
0.0248506
0.0032796
0.0241027
0.066678
0.0309321
0.0038614
0.0165559
0.0101501
0.0003864
0.0281702
0.0246065
0.018635
0.0070753
0.0453975
0.00896
0.0289864
0.0243308
0.0068276
0.0427408
0.0271023
0.0248013
0.0413861
0.0308438
0.0011163
0.0263426
0.0144303
0.0040105
0.0436799
0.0271978
0.0078047
0.0009672
0.0053102
0.0058497
0.0411926
0.0388514
0.0083314
0.0415348
0.0061429
0.0035651
0.0113832
0.0420414
0.0051504
0.0291537
0.0315687
0.0147847
0.0263054
0.0032646
0.0006044
0.0128065
0.0567473
0.0067433
0.0032674
0.0041677
0.0290931
0.0249881
0.0436752
0.04176
0.0610715
0.0031418
0.0270691
0.0429006
0.0034725
0.0429725
0.0035841
0.0055564
0.0426346
0.0052308
0.0424552
0.0130574
0.0568481
0.0419653
0.0473136
0.0084693
0.0032539
0.0076064
0.0057447
0.0243287
0.0155044
0.0283758
0.0265122
0.0268598
0.0429867
0.0600136
0.006024
0.0367733
0.0031987
0.024286
0.007477
0.0033298
0.0294242
0.0121249
0.0635637
0.0033893
0.016466
0.0018281
0.0040114
0.0218206
0.0592028
0.0297944
0.0218408
0.0257537
0.0042061
0.0034525
0.0278884
0.006642
0.0464855
0.0048521
0.0310625
0.0033651
0.0315864
0.0181458
0.0186465
0.0412976
0.0422725
0.0410207
0.0230969
0.0031463
0.0226449
0.0093943
0.0255338
0.0492587
0.0032521
0.0285831
0.0102846
0.0045356
0.0243592
0.047689
0.0034966
0.0160075
0.0452801
0.027048
0.0030736
0.0411786
0.0059157
0.0032339
0.0169379
0.0248668
0.0205421
0.0113437
0.0404971
0.0064704
0.0580932
0.0256131
0.040313
0.0408482
0.0249758
0.0264107
0.0456942
0.0032067
0.0261966
0.013166
0.0324624
0.0064681
0.0421379
0.0122363
0.0178457
0.003028
0.0033641
0.001379
0.0019927
0.0267759
0.0389267
0.0085307
0.0138031
0.0035996
0.0276768
0.0250126
0.0235707
0.0031132
0.0375965
0.0276954
0.0031752
0.0130214
0.0292371
0.0035574
0.0040972
0.0082991
0.0035471
0.0195298
0.0251567
0.0268317
0.0452802
0.0172822
0.0313775
0.0105951
0.008679
0.0052372
0.0427806
0.0001458
0.0620325
0.0267268
0.0449142
0.0038155
0.0359004
0.0584966
0.0680818
0.0500663
0.0362695
0.106389
0.0327057
0.0171132
0.0486602
0.0384396
0.0480079
0.0880844
0.0481288
0.0085547
4.44e-05
0.0544794
0.102441
0.100327
0.0085453
0.056637
0.0073476
0.05411
0.0540798
0.0113056
0.0420469
0.0063904
0.0746511
0.11232
0.00829
0.0718985
0.0526603
0.0377494
0.0901654
0.0852521
0.0699763
0.0563094
0.0512277
0.0204425
0.0029838
0.0437057
0.0493812
0.0109201
0.0544151
0.0611855
0.0901799
0.053244
0.000495
0.0692376
0.0137461
0.0091474
0.0339639
0.0069851
0.0455168
0.0650303
0.0083672
0.0056799
0.116134
0.0054053
0.0054517
0.0007089
0.0153104
0.0092203
0.0059788
0.058993
0.0097686
0.0704183
0.0178168
0.123334
0.0252513
0.0142944
0.0833823
0.0088987
0.0765281
0.0409292
0.0833946
0.0480897
0.0075956
0.0509677
0.0079524
0.0904319
0.0002513
0.0502487
0.0799349
0.0859394
0.037177
0.0714461
0.0280028
0.0003284
0.0477557
0.0475895
0.0325158
0.0124511
0.0472496
0.0097995
0.0797092
0.111941
0.0532528
0.0079397
0.0051575
0.0700358
0.108243
0.0194838
0.0726578
0.102683
0.0054565
0.0595461
0.0748522
0.0204441
0.0093034
0.117389
0.0475571
0.0423336
0.0528224
0.0645049
0.0918823
0.0063495
0.0215211
0.0573069
0.0225254
0.0180801
0.0143936
0.0080888
0.0227116
0.0209087
0.0059255
0.0653226
0.0499124
0.042861
0.0055552
0.0073455
0.0536229
0.0078418
0.0620767
0.0908431
0.0579365
0.0292605
0.0229199
0.0697852
0.0344517
0.0547264
0.058654
0.0062005
0.0444962
0.0096368
0.0875241
0.0877679
0.02426
0.0066503
0.0136617
0.0054594
0.0648928
0.0936366
0.0070973
0.101652
0.0093022
0.0921286
0.0088428
0.0547168
0.056635
0.0872878
0.14124
0.0610998
0.0410434
0.0062055
0.0190732
0.0799936
0.0254841
0.0203567
0.0454554
0.0148485
0.0254329
0.03189
0.0566734
0.030118
0.0923367
0.110635
0.0191929
0.0538722
0.0764394
0.0054035
0.0956791
0.0060646
0.0103483
0.0543679
0.123721
0.0222093
0.0850483
0.0035756
0.131705
0.0514055
0.0006159
0.0997261
0.0781675
0.0575708
0.0040021
0.0868334
0.0096913
0.0738651
0.0701905
0.0228153
0.0413305
0.0450529
0.0376725
0.0968754
0.0547161
0.0647684
0.0347108
0.0795644
0.115063
0.032256
0.0096316
0.0859529
0.0159491
0.0075587
0.0827038
0.0068592
0.0124573
0.0108309
0.0666747
0.0276099
0.079872
0.0493721
0.0504901
0.0553893
0.0059481
0.0777054
0.0181244
0.0106345
0.0060267
0.0802002
0.083307
0.0071249
0.0001047
0.0037222
0.0143222
0.0043948
0.0069695
0.0024363
0.0212958
0.0212894
0.0075013
0.0052024
0.0490586
0.0300401
0.120422
0.0558458
0.0075924
0.0451686
0.0178778
0.0498849
0.0551718
0.006593
0.0466257
0.0067911
0.0496188
0.0432731
0.0702852
6.25e-05
0.0001797
0.0568892
0.0476358
0.0071187
0.111312
0.0510205
0.0088926
0.0683457
0.0802603
0.0208698
0.0746593
0.0082592
0.0064869
0.049943
0.0414323
0.0679242
0.0060681
0.0018654
0.0512417
0.0214893
0.0469137
0.050033
0.040476
0.0079098
0.0055556
0.0903267
0.0069495
0.0804071
0.0465833
0.0477754
0.0125906
0.085499
0.0531507
0.033644
0.0079209
0.0128567
0.0126108
0.0477089
0.0435918
0.0765084
0.0235972
0.0539549
0.0225364
0.0064965
0.0716339
0.100593
0.009949
0.14339
0.0193291
0.0709936
0.0788519
0.0895907
0.0269064
0.0533407
0.0862067
0.0204424
0.0415082
0.0509581
0.0189589
0.0422449
0.0135652
0.0071903
0.0469846
0.0462108
0.0099173
0.0179622
0.0051178
0.0797939
0.010527
0.0057932
0.0082014
0.0493743
0.013059
0.0184087
0.002258
0.0226245
0.046366
0.0720538
0.0071615
0.0139883
0.0836492
0.0467281
0.0051465
0.0112488
0.0831641
0.0117354
0.077612
0.0464293
0.0413153
0.0437934
0.0726861
0.0056251
0.0941527
0.0399592
0.0528692
0.0065056
0.127195
0.0492038
0.0191901
0.0910656
0.127931
0.0746903
0.0776642
0.0100367
0.0453878
0.0241041
0.0797477
0.0311895
0.11221
0.0895445
0.0994898
0.0085995
0.0060132
0.049925
0.0453382
0.0067969
0.0527022
0.0073401
0.012467
0.084465
0.0563282
0.0121765
0.0085228
0.0277513
0.0059172
0.0170546
0.0052516
0.051231
0.0514389
0.0210524
0.0262508
0.0811592
0.0467618
0.0879163
0.0051291
0.0601585
0.0780312
0.0963222
0.0051731
0.158644
0.0476705
0.105473
0.0737007
0.0151856
0.0049894
0.0112394
0.0559226
0.0079635
0.0580724
0.0078162
0.128913
0.0060161
0.0457935
0.0429537
0.0498058
0.0584365
0.0464863
0.0281206
0.0852646
0.0064995
0.0242738
0.0134363
0.0778215
0.0063217
0.0899003
0.0165163
0.110848
0.0148586
0.000178
0.0562482
0.0051415
0.0821906
0.0350681
0.0517523
0.127068
0.0805589
0.079496
0.0172656
0.0137619
0.0697824
0.0294219
0.0036383
0.0974093
0.0900717
0.0503868
0.0051694
0.107321
0.0461257
0.110366
0.0537663
0.0544181
0.0654871
0.0052293
0.0072082
0.0542356
0.0507893
0.0059183
0.0433466
0.0134841
0.0807177
0.120025
0.0369336
0.0124596
0.0325828
0.0179316
0.122473
0.0938652
0.0864204
0.0196325
0.0077653
0.117728
0.018126
0.0222828
0.0056022
0.0746769
0.0060483
0.0092533
0.0813
0.0397147
0.0108712
0.0063549
0.0130075
0.0328028
0.037746
0.0053111
0.0525337
0.0786248
0.0511264
0.0055449
0.0808503
0.0482108
0.0471583
0.0562127
0.0252279
0.0087814
0.0482976
0.0058012
0.0899306
0.0488965
0.0169513
0.0867696
0.010344
0.0061991
0.0164285
0.0072263
0.0772685
0.0894921
0.0855522
0.0495942
0.0825635
0.0541173
0.0058789
0.0613936
0.0107024
0.0074655
0.0520074
0.0108882
0.0506511
0.0654241
0.0479953
0.0860758
0.0001276
0.0832377
0.0062668
0.0083841
0.0051709
0.0551199
0.0236795
0.0061881
0.0855428
0.0564332
0.0789972
0.0754803
0.0364267
0.0058449
0.0176634
0.0091436
0.0008549
0.0120537
0.0462791
0.0160287
0.0134467
0.0063497
0.0093815
0.0241589
0.0507117
0.071756
0.0060095
0.0627181
0.028207
0.01156
0.0649141
0.120821
0.086276
0.0018528
0.0277239
0.0517579
0.0465945
0.0722847
0.135208
0.0095893
0.0463586
0.0531798
0.148606
0.0034137
0.0140546
0.126739
0.0736137
0.0730671
0.0547968
0.028205
0.0422837
0.0500763
0.0310523
0.0448249
0.0363613
0.067166
0.0090818
0.0547701
0.0472118
0.0272411
0.0073983
0.0657361
0.047337
0.0093678
0.0489407
0.0871353
0.0293257
0.0055523
0.0983731
0.0235385
0.0058806
0.0108715
0.0240325
0.0187223
0.0064356
0.005959
0.0450855
0.0125258
0.0445599
0.0800523
0.0480672
0.0628732
0.0493739
0.0067845
0.000283
0.0073845
0.107558
0.0222741
0.0792875
0.025748
0.0458399
0.0269237
0.0083294
0.0906032
0.0901201
0.0561747
0.0851411
0.0058816
0.0469378
0.0850373
0.0811141
0.0519887
0.0073417
0.0457205
0.0302471
0.0593917
0.0358732
0.0433524
0.0025676
0.0775866
0.036122
0.0359289
0.0467788
0.0676557
0.0072956
0.0830923
0.0412175
0.0103923
0.0496022
0.0461351
0.0494689
8.67e-05
0.0454772
0.0057037
0.0480115
0.0171949
0.106945
0.0088377
0.0452232
0.0801854
0.085855
0.0017573
0.100096
0.0042342
0.0370809
0.0467032
0.101811
0.0063314
0.0495926
0.0654522
0.0531174
0.0435173
0.0059635
0.133132
0.0061778
0.085929
0.006431
0.0338638
0.0285012
0.008558
0.0104923
0.0068663
0.04059
0.0466716
0.0238761
0.01233
0.0504288
0.073718
0.0521869
0.0763728
0.111333
0.0773464
0.0811881
0.0330501
0.0778198
0.0414247
0.0167348
0.0080876
0.0513967
0.0788962
0.0732583
0.0707339
0.0103659
0.0454368
0.107506
0.047457
0.0554
0.0779409
0.0610813
0.024675
0.0917854
0.0464454
0.0090544
0.0633124
0.047525
0.0175333
0.0507704
0.0050572
0.05382
0.0327474
0.010754
0.0834908
0.0610863
0.0170515
0.0063356
0.040555
0.0063705
0.0168695
0.044209
0.0019638
0.052951
0.052737
0.0052596
0.0705208
0.113875
0.031433
0.0049141
0.105715
0.0016917
0.0461939
0.0140981
0.0054944
0.050678
0.0163101
0.0075068
0.0437061
0.0833162
0.0538264
0.083631
0.0723177
0.058067
0.0814105
0.0847485
0.0073697
0.0114926
0.0514821
0.0139498
0.0068577
0.0503998
0.0947888
0.0464514
0.0825208
0.0533878
0.0061045
0.0060012
0.0048962
0.0243648
0.0058219
0.0399582
0.020614
0.0109796
0.0965527
0.0719291
0.0445852
0.0322911
0.058012
0.005204
0.000715
0.0275163
0.128234
0.076885
0.0156986
0.0528136
0.0065514
0.0454456
0.078859
0.0065674
0.0090694
0.151834
0.0397887
58.683
