0.0030416
0.0292924
0.0246462
0.0400369
0.0110343
0.0030308
0.0038909
0.005115
0.0058001
0.0296708
0.0278364
0.0425442
0.0258672
0.0235703
0.043441
0.0125314
0.0255764
0.0029588
0.026168
0.0034819
0.0552647
0.0250996
0.0230289
0.0083925
0.026118
0.0030149
0.0237174
0.0234295
0.0241926
0.0033461
0.0227752
0.059528
0.0272617
0.0035375
0.0158691
0.0093494
0.0003446
0.0256021
0.0235876
0.0177049
0.0070284
0.0419543
0.0087387
0.0289542
0.0240321
0.0060097
0.0395912
0.0270612
0.0233473
0.0409689
0.0297676
0.0012189
0.0241352
0.013538
0.0040131
0.0418209
0.0254192
0.0067704
0.000955
0.005521
0.0052837
0.0400024
0.0372799
0.0081943
0.0395833
0.0057128
0.003187
0.0119254
0.0391838
0.0047048
0.0268162
0.0298574
0.0142871
0.0245904
0.0031701
0.000554
0.0127942
0.0555508
0.0064375
0.0031637
0.0040595
0.0290054
0.0240697
0.0416036
0.0401868
0.0582626
0.0029326
0.0255372
0.0392141
0.0031541
0.0413408
0.0035435
0.0059382
0.0430782
0.0054596
0.0388005
0.0127083
0.0558888
0.0403217
0.0465574
0.0080575
0.0033443
0.0072869
0.0050779
0.0237858
0.0148475
0.0266371
0.0238103
0.0254077
0.0414591
0.0559827
0.0050661
0.035892
0.0031582
0.0232782
0.0066912
0.0032512
0.0268154
0.0114163
0.0612867
0.0033818
0.0152535
0.0017179
0.0037873
0.019194
0.0577885
0.027796
0.0200919
0.0233566
0.0043923
0.003133
0.0257096
0.0063152
0.0410566
0.0047264
0.028436
0.0030739
0.0284991
0.0173509
0.0157991
0.0397331
0.0394083
0.0414305
0.0207192
0.0028752
0.0218105
0.0094787
0.0248962
0.0459298
0.0030792
0.0258535
0.0098777
0.0043293
0.0235767
0.0458067
0.0029778
0.0157361
0.0388941
0.02589
0.0028373
0.0387712
0.0058095
0.0030325
0.0155477
0.026719
0.0196548
0.0106784
0.0395684
0.0065372
0.0556473
0.0251656
0.0400745
0.0403404
0.0242145
0.0248609
0.046119
0.0030558
0.0243722
0.0130118
0.0307505
0.0065187
0.040225
0.0110607
0.0181721
0.0031618
0.0033354
0.0012119
0.0018827
0.0276117
0.0375529
0.0082274
0.0133456
0.0030455
0.0267172
0.0270157
0.0232753
0.0030553
0.0347077
0.0263138
0.0030882
0.0114164
0.0276127
0.0033535
0.0039048
0.00801
0.0031688
0.0189379
0.0229675
0.0252874
0.04094
0.0157101
0.0276164
0.0091636
0.0072991
0.0048777
0.0380526
0.0001293
0.0572156
0.0233654
0.0414392
0.0033998
0.0266832
0.0424204
0.0254815
0.0237638
0.0193422
0.0548195
0.0179106
0.0086675
0.0234276
0.0189353
0.0273774
0.0427147
0.0381486
0.0103281
8e-05
0.04058
0.0800749
0.0679793
0.0059989
0.0657467
0.0099456
0.0582027
0.0467208
0.0109936
0.038923
0.0069137
0.101549
0.0899198
0.0097496
0.105183
0.0420577
0.0518282
0.073575
0.0679663
0.0600124
0.0600971
0.0589412
0.0216202
0.0022791
0.0404022
0.0396965
0.0147688
0.0468369
0.0495484
0.084397
0.046288
0.0005163
0.0452621
0.0119682
0.0120491
0.0235482
0.0068523
0.0546571
0.0535765
0.004178
0.0051779
0.0779125
0.0049661
0.0055501
0.0007538
0.0131332
0.0076511
0.0089441
0.0506151
0.0117747
0.0826523
0.0255163
0.118698
0.0241196
0.0171247
0.100118
0.0104236
0.0749736
0.0324439
0.0828664
0.0393986
0.0069402
0.0424981
0.0125683
0.0768337
0.0003856
0.0529099
0.0696663
0.0804236
0.0281034
0.0724835
0.0415578
0.0002261
0.0603813
0.0453701
0.036777
0.0184844
0.0621917
0.0117057
0.0791698
0.101814
0.0630103
0.0153851
0.0080532
0.0654632
0.0972398
0.01982
0.0820068
0.0892889
0.0069757
0.0474022
0.0764972
0.0162084
0.0101995
0.11416
0.0525979
0.0595239
0.0515396
0.0449202
0.097503
0.0102737
0.0228913
0.0641039
0.0197427
0.0211815
0.011238
0.0096978
0.02487
0.0193209
0.0056438
0.0630664
0.0546598
0.0465343
0.0064515
0.0127789
0.0819082
0.0150734
0.0861377
0.0789261
0.0603523
0.0474463
0.0280262
0.0880063
0.0636755
0.0608426
0.0750718
0.0064923
0.0509977
0.0089726
0.106404
0.0873237
0.0270012
0.0079419
0.0165119
0.0059141
0.0888305
0.0944638
0.0082187
0.0822504
0.0090843
0.11131
0.0058565
0.0660614
0.0444157
0.0760571
0.097395
0.0399128
0.0309811
0.0062286
0.0160616
0.0847548
0.03711
0.0187144
0.0410839
0.0194667
0.0276608
0.0314292
0.0723486
0.0353353
0.0800366
0.0703191
0.0087808
0.0622574
0.0889167
0.0120315
0.106151
0.0059816
0.0093057
0.0624391
0.138181
0.0327724
0.0728316
0.003109
0.0967411
0.0448912
0.0003583
0.0806678
0.0729159
0.0481246
0.0032913
0.0704279
0.0101937
0.0916436
0.112131
0.0258242
0.0499437
0.0495783
0.0367566
0.0991045
0.070409
0.0774748
0.0351327
0.108693
0.142399
0.0297249
0.0142558
0.0860176
0.0202946
0.0052861
0.0925015
0.0056628
0.014206
0.0090105
0.0483238
0.0244393
0.0996077
0.0757309
0.0650742
0.0394471
0.0053786
0.0775152
0.0147176
0.0101767
0.00462
0.0841373
0.0799706
0.0061092
7.96e-05
0.0031341
0.0127066
0.0043138
0.0063133
0.0022664
0.0170635
0.0214252
0.0094332
0.0057509
0.0408102
0.0194343
0.0982559
0.0459376
0.0055752
0.0574308
0.0326467
0.0432375
0.0417181
0.0083344
0.0693045
0.0062864
0.0543423
0.0391926
0.064108
6.24e-05
0.0001818
0.0499915
0.0599123
0.0061328
0.125236
0.0515993
0.0054602
0.0790101
0.0666853
0.0140624
0.0665114
0.0052843
0.0066429
0.061095
0.0507163
0.0817621
0.004932
0.0009614
0.0618467
0.0192577
0.0464265
0.0410971
0.0536929
0.0097063
0.0048006
0.0918418
0.0060593
0.11657
0.0482599
0.0641627
0.0131634
0.0984574
0.0775619
0.0439555
0.0114138
0.0200328
0.0125486
0.0403576
0.0497233
0.068655
0.0202829
0.0663808
0.0210113
0.0130601
0.0514397
0.0845049
0.0106257
0.152138
0.0226045
0.0751382
0.0805897
0.0920829
0.0216447
0.0671914
0.113299
0.0173137
0.0565874
0.0513958
0.0162848
0.0646838
0.0262984
0.0115991
0.0555026
0.0627848
0.0053122
0.0167795
0.0053902
0.0860259
0.0084048
0.0054701
0.005085
0.060808
0.0073029
0.014596
0.0020821
0.0181585
0.0490859
0.0706783
0.0084723
0.0173487
0.0906806
0.0510866
0.0052012
0.0175731
0.0858039
0.0106257
0.0621316
0.0375622
0.0414517
0.0446299
0.0913123
0.0054214
0.0951105
0.0555264
0.0712985
0.0105788
0.117549
0.0700645
0.0203526
0.108928
0.137463
0.0957862
0.0810339
0.0100367
0.0479209
0.0232778
0.115653
0.0459027
0.107486
0.10902
0.100704
0.008451
0.0059399
0.0560025
0.040524
0.0065262
0.0438654
0.0080575
0.0186504
0.0905141
0.0386253
0.0092656
0.0063535
0.021636
0.0048951
0.0160053
0.0049995
0.053693
0.04437
0.0191374
0.0320221
0.108049
0.0583177
0.0845075
0.0050693
0.0584089
0.0801561
0.141143
0.0072773
0.160837
0.0662604
0.131882
0.0599987
0.0162748
0.0056506
0.0102054
0.0461006
0.0080656
0.04745
0.0095851
0.152045
0.0067426
0.0639731
0.0391125
0.0669563
0.0526882
0.0520766
0.0215009
0.10779
0.0111706
0.021204
0.0155446
0.0681022
0.0103096
0.0889841
0.0194474
0.122487
0.0135027
1.09e-05
0.058319
0.0057458
0.0876246
0.0351185
0.0538723
0.12076
0.0943112
0.0724512
0.0178445
0.0104011
0.07415
0.0256389
0.0037197
0.0765793
0.0823035
0.048295
0.0053577
0.132344
0.0416872
0.109301
0.0523701
0.0577865
0.052011
0.0053227
0.0056939
0.0488902
0.0713744
0.0092459
0.0554805
0.0150268
0.0812811
0.120813
0.0547046
0.0083674
0.024633
0.0207606
0.157829
0.102597
0.0893744
0.037086
0.0096876
0.116145
0.0172331
0.0204236
0.0094217
0.0860132
0.0049007
0.0076657
0.0762641
0.0408631
0.0054831
0.0085286
0.0134786
0.0277496
0.0349034
0.0063226
0.0760098
0.0975317
0.0594253
0.0064241
0.0916513
0.061498
0.0697115
0.0455296
0.0221185
0.0073497
0.0497736
0.0051151
0.0781691
0.0505462
0.0169645
0.0906411
0.0097011
0.0051154
0.0181525
0.0071819
0.103464
0.111569
0.113583
0.0715779
0.0949271
0.0750094
0.0065694
0.0852369
0.0127255
0.0094797
0.0681311
0.0141854
0.0674136
0.0638628
0.0448121
0.0858031
9.97e-05
0.0836624
0.0076391
0.0098273
0.007886
0.0696362
0.0205203
0.006326
0.0909718
0.061527
0.0793865
0.0939721
0.0489276
0.0079691
0.024879
0.0142425
0.0009552
0.0112864
0.0440493
0.0139203
0.0117833
0.0058545
0.0084088
0.0236727
0.0503462
0.0960705
0.0087614
0.0589503
0.0292045
0.0175944
0.0805232
0.117066
0.0852287
0.00159
0.0265415
0.0824386
0.0521917
0.069475
0.141403
0.0089297
0.0585499
0.0593828
0.117812
0.0040607
0.0219747
0.150602
0.0848382
0.057578
0.0498633
0.0279842
0.0423134
0.0506653
0.0229817
0.0520893
0.0372472
0.0959407
0.00811
0.0595081
0.0593562
0.0237194
0.0102642
0.0530984
0.0437799
0.0072342
0.0658098
0.0650512
0.0158446
0.00498
0.0841976
0.0205548
0.0063016
0.0117347
0.0261018
0.021644
0.0060905
0.0116658
0.0493973
0.0137626
0.0511926
0.0752749
0.0415869
0.0536391
0.0444991
0.0058982
0.0002804
0.0067869
0.117179
0.0284803
0.0891273
0.0171279
0.0448245
0.0193793
0.0119455
0.0907248
0.0760314
0.0488291
0.0976958
0.0055903
0.0460573
0.102473
0.078173
0.0644809
0.0065005
0.0475322
0.0342767
0.0806895
0.0356086
0.0479204
0.0034881
0.0871999
0.0357985
0.0484425
0.0636353
0.133201
0.0099516
0.0685309
0.0367165
0.0094432
0.0838348
0.04437
0.045028
0.0001725
0.0482545
0.0044948
0.0557276
0.0129665
0.091242
0.0084285
0.0434079
0.0750657
0.0882213
0.0033027
0.0828379
0.0060423
0.0359343
0.0534289
0.121441
0.0059887
0.0480834
0.0504775
0.0445112
0.0437026
0.0059839
0.117049
0.0086486
0.121662
0.0102963
0.0429018
0.0163918
0.0071688
0.0057155
0.0049187
0.0336167
0.0530388
0.0212251
0.0168154
0.0476137
0.0810715
0.0553798
0.116342
0.112613
0.072285
0.0773268
0.0414052
0.103939
0.0616595
0.024196
0.0106874
0.0550091
0.0777409
0.0964106
0.0700687
0.0099697
0.0499681
0.128264
0.0657192
0.0560095
0.0780494
0.0622758
0.0185374
0.0976967
0.0429113
0.0138261
0.071425
0.0483826
0.0209411
0.0505372
0.0094079
0.0516594
0.0260884
0.0134579
0.0650425
0.0538524
0.0196389
0.0081206
0.0497549
0.005459
0.0146384
0.0523803
0.0019902
0.0417915
0.0608116
0.0108529
0.0660458
0.111141
0.0439355
0.0050721
0.112018
0.0010054
0.0458557
0.0189609
0.00531
0.0796103
0.0330624
0.0070137
0.040981
0.104909
0.0521544
0.113131
0.0878489
0.0535857
0.0799705
0.102564
0.0068244
0.0064729
0.0749051
0.0234054
0.0116264
0.0734829
0.0919462
0.0416027
0.0945611
0.0888148
0.0071015
0.0060939
0.0074393
0.0251948
0.0061989
0.0403724
0.0152278
0.0132549
0.140318
0.070844
0.0692662
0.0319947
0.0760475
0.0080874
0.0009971
0.0352661
0.119997
0.102577
0.0231589
0.0714604
0.0104593
0.0572372
0.0897757
0.0135356
0.0151712
0.144935
0.0442377
61.1511
