0.0038125
0.0331263
0.0273537
0.0448245
0.0124683
0.0037988
0.0048077
0.0057172
0.0063559
0.0318675
0.0298207
0.04791
0.0288338
0.027049
0.0459663
0.0140167
0.0279942
0.0036015
0.0278792
0.0043105
0.0645888
0.0285174
0.0264212
0.0079331
0.0295795
0.003691
0.0268413
0.0264793
0.0268364
0.0038524
0.0258079
0.0678746
0.0301961
0.0045434
0.0181461
0.0109229
0.0004102
0.0283933
0.0259899
0.0198215
0.0076876
0.0475643
0.0098309
0.03055
0.0257304
0.0070121
0.0434022
0.0292379
0.0264044
0.0450945
0.0337696
0.0012906
0.027892
0.015616
0.0050207
0.0484113
0.0288997
0.0080124
0.0010661
0.0062175
0.0069433
0.0441133
0.0424226
0.0087678
0.0450513
0.0067304
0.0041757
0.0127539
0.0443204
0.0056726
0.0299407
0.0336073
0.0159313
0.0268903
0.0039431
0.000648
0.0142687
0.0617247
0.0074259
0.0037723
0.004909
0.0315018
0.0262797
0.0454984
0.0454696
0.0648054
0.0036737
0.0292418
0.0437638
0.0038059
0.0454068
0.0043185
0.006134
0.0468022
0.0061739
0.0455656
0.0137854
0.0627891
0.0446395
0.0503251
0.0092279
0.0039895
0.0082984
0.0059705
0.0268252
0.016005
0.0291457
0.0266419
0.027382
0.0461225
0.0625433
0.0058128
0.0400505
0.0038673
0.0263533
0.0076602
0.0038979
0.030399
0.0132106
0.0678885
0.0038144
0.017331
0.0019569
0.0047428
0.021689
0.0638298
0.0314664
0.0225886
0.0265608
0.0045145
0.0037907
0.0286396
0.0073587
0.046371
0.0053141
0.0314782
0.003651
0.031681
0.0195539
0.01812
0.0453119
0.0446247
0.0438013
0.0235881
0.0036591
0.0246179
0.0106737
0.0277435
0.0507522
0.0037751
0.0295261
0.0113701
0.0051628
0.0266867
0.0501912
0.0036805
0.0174098
0.0437131
0.0291864
0.0031223
0.0442725
0.0067925
0.0036948
0.0172584
0.0285267
0.0216778
0.0125476
0.0438577
0.0077041
0.0624915
0.0279688
0.045181
0.0437797
0.0270611
0.0276603
0.052231
0.0037305
0.0272653
0.0146178
0.0356995
0.0077135
0.0442581
0.0129578
0.0199485
0.0037763
0.0040366
0.001365
0.0022916
0.0298714
0.0423399
0.0096001
0.0152728
0.0037514
0.0295295
0.0272723
0.0265849
0.0036698
0.0389109
0.0291086
0.0037866
0.0132497
0.0297441
0.0040494
0.0046303
0.0091804
0.0036678
0.0211329
0.0262971
0.0285207
0.0462435
0.0181855
0.030482
0.0135461
0.0082583
0.0057013
0.0445466
0.0001625
0.0637713
0.0269043
0.046355
0.0042632
0.0308287
0.0478099
0.0289938
0.0267063
0.0219519
0.0624588
0.0207107
0.010259
0.0261643
0.0227866
0.0305792
0.0470859
0.0257732
0.0043385
2.94e-05
0.0269427
0.0416763
0.0457947
0.0043728
0.0285227
0.0051609
0.0231587
0.0279057
0.00758
0.02616
0.0038661
0.0473876
0.0483403
0.004832
0.0469256
0.0265578
0.0251492
0.0459018
0.0437983
0.0245967
0.0301778
0.0275702
0.011628
0.0016029
0.0265541
0.0262832
0.0062204
0.0298734
0.0322894
0.0447658
0.0279456
0.0003388
0.0320876
0.0071487
0.0049192
0.0146834
0.0034083
0.0246269
0.0336357
0.0028057
0.0037988
0.0478076
0.0038237
0.0040657
0.0005206
0.0084449
0.0038384
0.0036711
0.0280114
0.0046892
0.0433797
0.0105907
0.0647942
0.0156848
0.0077286
0.0457404
0.0043042
0.0355121
0.0165322
0.0469126
0.0262992
0.0036814
0.026732
0.0038696
0.0440528
0.0001789
0.0285327
0.0384078
0.0458124
0.0173459
0.0359956
0.0193068
0.000161
0.0317607
0.0295978
0.019872
0.007154
0.0238717
0.0053713
0.042921
0.0657996
0.0300284
0.0049537
0.0037843
0.0433501
0.0428935
0.0128965
0.0456529
0.0440635
0.0041122
0.0271487
0.0463104
0.0094411
0.0061197
0.0627293
0.0292479
0.0269459
0.0330711
0.0298518
0.0444699
0.0038932
0.0112709
0.0315272
0.0133627
0.0095503
0.0066234
0.0052722
0.0128668
0.0119884
0.0036864
0.0348944
0.0270618
0.0230372
0.0035844
0.0054227
0.0289208
0.0055946
0.0484815
0.0503837
0.0269649
0.0236612
0.0141747
0.049066
0.0271783
0.0294297
0.0327549
0.0037165
0.0261829
0.0060112
0.0445552
0.0467985
0.0146701
0.0043926
0.0086233
0.0036162
0.0331942
0.0446461
0.0036687
0.0476943
0.0056467
0.0453964
0.0037492
0.0285886
0.0312118
0.043824
0.0599193
0.0266357
0.0190485
0.004439
0.0101926
0.0445206
0.0161843
0.0128647
0.0269781
0.0087583
0.015138
0.0182754
0.0342849
0.0151006
0.0480866
0.0437215
0.0102066
0.0317512
0.0477149
0.004235
0.0591286
0.0037657
0.0066588
0.0292438
0.0681196
0.0145493
0.0448185
0.0022991
0.0629415
0.0250168
0.0002444
0.045012
0.0364557
0.0303739
0.0025576
0.044411
0.0073616
0.04673
0.0441766
0.0149698
0.0273908
0.0260156
0.0178394
0.0538097
0.0265937
0.0344717
0.0219378
0.0450294
0.0712624
0.0196877
0.0062435
0.047458
0.0100904
0.0038489
0.0473475
0.0039054
0.0052893
0.0056663
0.0306669
0.0137857
0.0464489
0.027337
0.0282646
0.0268184
0.0041212
0.04429
0.0098101
0.0071813
0.0033823
0.0478535
0.0463483
0.0037998
5.61e-05
0.0021343
0.0085174
0.0031323
0.0046359
0.0015559
0.0115837
0.0138426
0.0053755
0.0036499
0.026923
0.0131992
0.0629218
0.0294805
0.0041718
0.0259499
0.011284
0.0279506
0.0264482
0.0040135
0.0283695
0.0042051
0.0281511
0.0272141
0.0422375
4.01e-05
0.0001351
0.031432
0.0285666
0.0044333
0.0667751
0.0310584
0.0039182
0.0452975
0.0445949
0.0092071
0.0415902
0.0037054
0.0059919
0.0299625
0.025494
0.0385904
0.0039141
0.0005843
0.028821
0.0118858
0.0294627
0.0261653
0.0239219
0.0038631
0.003703
0.045444
0.0036032
0.0508131
0.0294536
0.027998
0.0097147
0.0483088
0.0305158
0.0194372
0.0044086
0.009253
0.0076808
0.026842
0.0259082
0.0379228
0.0108974
0.0290141
0.0117469
0.0041728
0.0305158
0.0516657
0.0058674
0.0817732
0.0116159
0.0459467
0.042722
0.0513338
0.0146886
0.0286905
0.0460908
0.0127097
0.0251116
0.0298594
0.0116376
0.027654
0.0140359
0.0047643
0.0269587
0.0284663
0.0038525
0.0131264
0.003748
0.0468859
0.006026
0.0041848
0.0038619
0.0337127
0.0054423
0.0099535
0.00154
0.0133717
0.0283451
0.0295835
0.0034577
0.0071536
0.0468889
0.0272753
0.0041188
0.0072291
0.0511766
0.0077124
0.0477038
0.0257002
0.0262292
0.0276359
0.0478881
0.0041442
0.0464051
0.0235414
0.0321139
0.0038077
0.0608163
0.0301753
0.0122331
0.0466224
0.0637041
0.0486769
0.0470611
0.0055525
0.0282131
0.0142991
0.0442627
0.0178949
0.0702899
0.0467329
0.0509455
0.005496
0.0043844
0.0283302
0.0278481
0.0046234
0.028526
0.0053422
0.0120585
0.0567863
0.0273819
0.0071131
0.0044361
0.0159611
0.0037935
0.0120411
0.0034619
0.0329972
0.0304025
0.0137856
0.0154
0.0506114
0.029154
0.0514818
0.0038039
0.0277373
0.0450293
0.0620593
0.0038337
0.0776858
0.0267279
0.0631023
0.0304864
0.00935
0.0038122
0.0073649
0.0291125
0.0061472
0.0300285
0.0044753
0.0799169
0.0033781
0.0269877
0.0196847
0.0288525
0.0322497
0.0273493
0.0156116
0.0458336
0.0040558
0.0135646
0.008258
0.0441294
0.0048589
0.0512521
0.0076391
0.0631638
0.008931
7.2e-06
0.0334499
0.0038141
0.0444365
0.0182398
0.031159
0.0647385
0.0477728
0.0448126
0.0104028
0.0071492
0.0440482
0.0161824
0.0026974
0.0478681
0.0442129
0.0286031
0.0039699
0.0633079
0.0263802
0.0648198
0.0283427
0.0267935
0.0349236
0.0037367
0.003839
0.0306068
0.0300376
0.0038384
0.0240811
0.009386
0.0461158
0.0658527
0.0210608
0.006243
0.0144367
0.0090449
0.0739284
0.0522234
0.0458234
0.0141923
0.0044773
0.0684503
0.0111746
0.0133739
0.0039127
0.0455481
0.0036996
0.005846
0.0457778
0.0234599
0.0037964
0.0044692
0.0075314
0.0197848
0.019581
0.0035121
0.0326843
0.05381
0.029158
0.0036343
0.0462411
0.0267927
0.0274011
0.0299899
0.0114117
0.0047995
0.0277832
0.0036936
0.0475684
0.0293195
0.0109651
0.0464609
0.0063168
0.0039383
0.0095913
0.0046058
0.0441377
0.0505224
0.0484291
0.0282604
0.046988
0.0314427
0.0043656
0.0443478
0.0058219
0.0052513
0.0277934
0.0068374
0.029585
0.0401382
0.0295581
0.0491151
6.26e-05
0.0502714
0.0037293
0.0048219
0.003707
0.0513943
0.0133699
0.0038825
0.0467428
0.0470201
0.0458912
0.0473186
0.0208303
0.0050049
0.0103282
0.0062075
0.0005852
0.0108039
0.0275148
0.0097765
0.0073469
0.005743
0.0047426
0.0137433
0.0294828
0.0693196
0.004029
0.0374632
0.0193213
0.0118672
0.0450863
0.0654153
0.0468113
0.0015824
0.0187379
0.0316067
0.0272522
0.0635914
0.0812815
0.005249
0.0277625
0.0432611
0.0694908
0.0025296
0.0097578
0.123443
0.0477526
0.0398771
0.0278986
0.0243857
0.0288913
0.0247775
0.0164719
0.0400261
0.0227501
0.0402279
0.0059938
0.0418466
0.0288249
0.0140991
0.0042569
0.0508177
0.0299389
0.0056596
0.0326653
0.0663119
0.0114086
0.0039497
0.0476421
0.0191814
0.0038897
0.0076562
0.0140592
0.0161757
0.0043607
0.0044305
0.0280827
0.0105389
0.042854
0.0502489
0.028203
0.0483615
0.040354
0.0037317
0.0001853
0.005772
0.0953823
0.0215053
0.0536961
0.0156795
0.0393598
0.0227811
0.0040167
0.0647035
0.0642936
0.0456434
0.04868
0.0059861
0.0373014
0.0783402
0.0691645
0.0449223
0.0055813
0.0434685
0.0272428
0.0462047
0.027916
0.039698
0.0029729
0.0711796
0.0282153
0.0351721
0.0404114
0.0729469
0.0052427
0.0671477
0.03756
0.0092271
0.0412143
0.03655
0.0418501
8.35e-05
0.0406562
0.0044847
0.0407039
0.0123412
0.0902791
0.0053149
0.0437566
0.0691368
0.0591306
0.0016788
0.0742623
0.0051531
0.0279779
0.0390086
0.095785
0.0056093
0.041915
0.0500902
0.0403128
0.0333866
0.0066939
0.0949731
0.0053463
0.0669031
0.0063691
0.0266211
0.0151716
0.0049562
0.005447
0.0051542
0.0363244
0.0398723
0.0209559
0.0104099
0.0416528
0.0657384
0.0406061
0.0669899
0.0952246
0.0614274
0.0715665
0.0325722
0.0733711
0.037215
0.0144213
0.0071227
0.0438082
0.0657988
0.0667956
0.0662519
0.0086717
0.0442393
0.0947589
0.0395428
0.038982
0.0757858
0.0481481
0.0126048
0.0693054
0.0562266
0.0080921
0.0531424
0.0425661
0.0201664
0.0428718
0.0052095
0.0436974
0.0278663
0.0085995
0.0588287
0.0521062
0.0173415
0.0049822
0.0335205
0.0055881
0.0155089
0.0408653
0.001973
0.0384961
0.0431111
0.0049393
0.0585049
0.0845491
0.0328631
0.0048917
0.0929063
0.0006689
0.0550211
0.0151728
0.0050737
0.0425283
0.0307512
0.0063859
0.0406552
0.072501
0.0603867
0.069766
0.0738416
0.0418606
0.104956
0.069899
0.0064695
0.0061007
0.0421174
0.0137342
0.0049458
0.0411048
0.105078
0.0428318
0.0655233
0.0522495
0.0091558
0.0065433
0.005049
0.021501
0.0057033
0.0387979
0.0147024
0.0068746
0.120302
0.0664618
0.04042
0.019268
0.0578134
0.005223
0.0006199
0.0252775
0.137782
0.0789434
0.0225727
0.0465068
0.008747
0.0508204
0.0701832
0.0056438
0.0086252
0.143959
0.0363917
11.4144
