0.0034305
0.0314092
0.0267612
0.0429203
0.0119372
0.0033654
0.0043693
0.005174
0.0060489
0.0310435
0.029066
0.0483874
0.0277878
0.0259442
0.0451349
0.0133513
0.027645
0.00323
0.0276863
0.0038162
0.058884
0.0271609
0.0249103
0.0072224
0.0279453
0.0033049
0.0271269
0.0249763
0.0253537
0.0033685
0.0251535
0.0631859
0.029515
0.0038139
0.018537
0.0102035
0.0003844
0.0261486
0.0253949
0.01947
0.0071329
0.0465257
0.0092002
0.0296521
0.0278465
0.0113459
0.0421935
0.0282171
0.0249754
0.0437585
0.0320116
0.0011163
0.0255818
0.0147124
0.0042538
0.0444804
0.0266901
0.0075948
0.0009696
0.0055414
0.0058499
0.0415739
0.0383684
0.0080814
0.0435347
0.0061542
0.0034688
0.0112553
0.0421076
0.0049631
0.0284132
0.0322912
0.0148457
0.0263377
0.0032991
0.0006052
0.0132154
0.0585736
0.0068741
0.0032945
0.0042939
0.0301505
0.0255224
0.0430222
0.043331
0.0629669
0.0032129
0.0277698
0.0413154
0.0033647
0.0445168
0.0037369
0.0056469
0.0439857
0.0054257
0.0420001
0.0136519
0.0588766
0.041845
0.0484185
0.0086036
0.0034406
0.0077404
0.0054043
0.0256974
0.0155884
0.0284202
0.02531
0.0260721
0.0438521
0.0609854
0.0056263
0.0381267
0.00333
0.0254957
0.0072887
0.0036058
0.0295962
0.0126371
0.0640547
0.0033143
0.0165955
0.0018268
0.0043179
0.0208521
0.0605521
0.0297491
0.0222883
0.0251613
0.0040916
0.0033726
0.0275489
0.0066249
0.043553
0.005027
0.0298315
0.0032057
0.0298933
0.0185731
0.0170508
0.0420158
0.0422689
0.0416915
0.022147
0.0032385
0.0233602
0.0097546
0.0268038
0.0480726
0.0033204
0.0274823
0.010677
0.0046635
0.0246839
0.0475645
0.0031903
0.0162182
0.0415787
0.027511
0.0029352
0.0410246
0.0061668
0.0032519
0.0162813
0.0258261
0.0202384
0.0114855
0.0420226
0.0067402
0.0588006
0.0256092
0.0426357
0.0412219
0.0257607
0.0270145
0.0483365
0.0032714
0.0258173
0.0139182
0.0325829
0.0067229
0.0430222
0.0120491
0.0187394
0.0032334
0.0035966
0.0012682
0.0020863
0.0281735
0.0409158
0.0089084
0.0143191
0.003209
0.02851
0.0259361
0.0252701
0.0032195
0.0372143
0.0281652
0.0032583
0.0126019
0.0289952
0.0036053
0.0040768
0.0084102
0.0032188
0.0198432
0.024978
0.0270585
0.0446229
0.0165157
0.029476
0.0099739
0.0076595
0.0049733
0.0414697
0.0001471
0.0676895
0.0256065
0.0445258
0.0041882
0.0297603
0.0443471
0.0274809
0.025967
0.0214546
0.0609719
0.0197971
0.0099189
0.0246506
0.0205344
0.0287651
0.0448636
0.0253099
0.0038089
2.79e-05
0.0260873
0.0395638
0.0429365
0.0038831
0.027275
0.0044213
0.021529
0.0265826
0.0068521
0.0251538
0.0033645
0.0464517
0.046321
0.0048083
0.0444448
0.0254643
0.0245381
0.044402
0.0420189
0.0246274
0.0286185
0.0261787
0.0103485
0.0015207
0.0262635
0.0252972
0.0057065
0.0279565
0.0296951
0.0432057
0.0272315
0.0003081
0.0299009
0.0069436
0.0043523
0.0138688
0.0030822
0.0254267
0.0312601
0.0026158
0.0032887
0.0469372
0.0032255
0.0036729
0.0004656
0.0080063
0.003398
0.0032916
0.0261596
0.0042518
0.0417079
0.0102305
0.0613664
0.0154398
0.0075155
0.0439653
0.0039458
0.0338772
0.0155307
0.0505211
0.0260421
0.0032157
0.0259429
0.0034311
0.0423295
0.0003418
0.0277092
0.0377632
0.0423381
0.0166542
0.0334053
0.0178251
0.000151
0.031163
0.028106
0.0190333
0.0068951
0.0229782
0.0047858
0.0423254
0.0633301
0.0287827
0.0045977
0.0035288
0.0426076
0.0420112
0.012046
0.0431226
0.0419205
0.0054962
0.0259062
0.0435061
0.0084923
0.0058458
0.0607929
0.0272431
0.026014
0.0307311
0.0279726
0.0430541
0.0035021
0.0102185
0.0303306
0.0126173
0.0087332
0.0057788
0.0049757
0.0121289
0.010854
0.003239
0.040752
0.026013
0.0219582
0.0032202
0.0049054
0.0283614
0.0049247
0.0467121
0.0484611
0.0274036
0.0210859
0.012619
0.0461703
0.025774
0.0284043
0.0315214
0.0032224
0.0249375
0.0052467
0.043866
0.044054
0.0144013
0.0038846
0.0083235
0.003318
0.0326728
0.0421421
0.0032622
0.0441471
0.0054221
0.0426941
0.0032479
0.0302048
0.0294474
0.0425285
0.0576349
0.0253426
0.0181013
0.0034631
0.0091127
0.0421882
0.0147366
0.013084
0.0248787
0.0088028
0.0141994
0.0181555
0.0321471
0.0157292
0.0468014
0.0432317
0.009432
0.0314629
0.0470123
0.0034581
0.057879
0.0033898
0.0063785
0.0284634
0.0648338
0.0130886
0.0436734
0.0020565
0.0607625
0.0235889
0.0002191
0.0432399
0.0345631
0.0295874
0.0022453
0.0441977
0.0062826
0.0439697
0.0430349
0.01438
0.0261427
0.025472
0.017341
0.0511888
0.0256668
0.0338394
0.0206652
0.0433777
0.0692168
0.019454
0.0056122
0.0480142
0.0084121
0.0034294
0.046958
0.0033341
0.0046662
0.0057352
0.0288459
0.0133123
0.0452055
0.0265012
0.0277777
0.025527
0.0033577
0.0428323
0.0096813
0.0067322
0.0029149
0.0467341
0.0453081
0.00328
4.91e-05
0.0019066
0.0082963
0.0027236
0.0043788
0.0014508
0.0111654
0.0133413
0.0044924
0.003337
0.0260466
0.0123617
0.0614435
0.027078
0.0035122
0.0259202
0.0107337
0.0277132
0.0258157
0.0034351
0.0267536
0.0038032
0.0277733
0.0252384
0.0398871
3.89e-05
0.0001189
0.0316174
0.0273392
0.0040643
0.0656002
0.0298193
0.0033602
0.0447747
0.0430038
0.0084042
0.0398938
0.0034171
0.0041283
0.0293391
0.0242942
0.037632
0.0032887
0.0005406
0.0278738
0.011218
0.0268684
0.0262495
0.0216747
0.0034508
0.003099
0.0424694
0.0036479
0.0488487
0.0279129
0.0262881
0.008554
0.0465631
0.028398
0.0174114
0.0037925
0.008432
0.0073101
0.0260693
0.0211474
0.0352988
0.0104646
0.0276277
0.0103271
0.003348
0.0285811
0.0494077
0.0051643
0.0763541
0.0105727
0.0425337
0.0401466
0.0484385
0.013194
0.0269357
0.0461221
0.0114618
0.0235131
0.0286043
0.0107057
0.0275013
0.0126279
0.0041483
0.0267571
0.0272643
0.0035882
0.0112064
0.003452
0.0428973
0.0052063
0.0038386
0.0032875
0.0314143
0.0044474
0.0099126
0.0013298
0.0117474
0.0275522
0.0285522
0.0031603
0.006965
0.0442851
0.0272535
0.0038601
0.00672
0.0464481
0.0072051
0.0407773
0.0234439
0.0231237
0.0241407
0.0433856
0.003582
0.0449413
0.0217366
0.0291378
0.0033758
0.0593644
0.0295176
0.0111441
0.0464857
0.0609563
0.0467882
0.0455176
0.0050538
0.0253938
0.0132029
0.044349
0.0168584
0.0618791
0.0444806
0.0469179
0.0051995
0.0044224
0.0271419
0.0256892
0.0045058
0.0259455
0.0050321
0.0113204
0.0561962
0.0249138
0.0057893
0.0040018
0.0145881
0.0032277
0.0102994
0.0033868
0.0316036
0.028003
0.0132696
0.0147429
0.0457436
0.0275146
0.0470827
0.0033728
0.0262024
0.0440796
0.0565237
0.0032733
0.0739025
0.0245216
0.0589038
0.0281562
0.0090222
0.0031725
0.0071809
0.0289482
0.0051834
0.0289354
0.003878
0.0763198
0.0031332
0.0259532
0.0189252
0.0279073
0.0298147
0.0261953
0.0143315
0.0437842
0.0034126
0.013377
0.0075386
0.0424052
0.0042236
0.0468818
0.0069409
0.0604799
0.0082113
7.2e-06
0.0326032
0.0032822
0.0430278
0.0185374
0.0311347
0.0613995
0.0452222
0.042515
0.0098697
0.0068751
0.0428362
0.0156482
0.0024546
0.0449096
0.0429767
0.0276813
0.0035319
0.0613154
0.0261732
0.0634437
0.0280067
0.026326
0.0326956
0.0036289
0.0033743
0.0301484
0.0292085
0.0038276
0.0231441
0.0089228
0.045985
0.0621858
0.0209133
0.0050062
0.0127959
0.0075447
0.0704107
0.0501953
0.0419813
0.0127882
0.0039436
0.0592735
0.0106081
0.0118441
0.0035529
0.0420802
0.0034005
0.005661
0.0444346
0.0224391
0.0034011
0.004328
0.0091349
0.0193225
0.0177219
0.0031444
0.029392
0.0460809
0.0277077
0.0034162
0.0449544
0.0244914
0.0263952
0.0284454
0.0105971
0.0043763
0.026899
0.0031884
0.0464554
0.0290724
0.0101794
0.0444432
0.0068225
0.0033196
0.0088621
0.0041713
0.0425769
0.047099
0.0462399
0.0299835
0.0473945
0.0279491
0.0037413
0.0416731
0.0056406
0.0041694
0.027089
0.0062753
0.0287828
0.0367653
0.0280988
0.0467854
5.68e-05
0.0451837
0.0036411
0.0045257
0.003264
0.0308626
0.0123293
0.0034027
0.0434194
0.0325382
0.0443566
0.0457871
0.0200038
0.0031659
0.0095894
0.005536
0.0005088
0.0069867
0.0257114
0.0083806
0.0067468
0.0036989
0.0041004
0.0125082
0.0286149
0.0422902
0.0033453
0.0339006
0.0182742
0.007696
0.0389639
0.0602853
0.0425109
0.0010628
0.0167487
0.0295253
0.0255208
0.0433367
0.0735872
0.0046259
0.0259181
0.026727
0.0633421
0.0021243
0.0088713
0.0803432
0.0432466
0.037726
0.025096
0.0148481
0.0265681
0.0224799
0.0139226
0.0243314
0.0207258
0.0374012
0.005504
0.0261939
0.0257265
0.0125299
0.0036795
0.0327145
0.0264335
0.0048592
0.0279765
0.0420208
0.010459
0.0034522
0.044216
0.0124423
0.0032285
0.0059106
0.0127618
0.0101223
0.0037097
0.0037996
0.0261992
0.006872
0.0247935
0.0450777
0.0254372
0.0282181
0.0253574
0.0033224
0.0001741
0.0036005
0.0607447
0.0121287
0.0481983
0.0092453
0.0269094
0.014658
0.0034506
0.0437091
0.0424425
0.0295691
0.0442715
0.0036753
0.0239968
0.0516779
0.0445788
0.0285921
0.0036236
0.0263852
0.0168871
0.0302811
0.0172193
0.0258972
0.0017112
0.0474121
0.0186299
0.0214057
0.0260288
0.0488733
0.0033265
0.0439379
0.0243431
0.0060546
0.0267699
0.0249968
0.0261101
5.59e-05
0.0255324
0.0031675
0.025397
0.0082163
0.0610545
0.0035615
0.0267873
0.0451919
0.0373739
0.00111
0.0455291
0.0033855
0.0185952
0.0261397
0.0593392
0.0035037
0.0273015
0.0307866
0.0268654
0.0219875
0.003854
0.0633231
0.00354
0.0425991
0.0038861
0.016017
0.0095324
0.0033201
0.0034555
0.0032721
0.0208718
0.025643
0.0135358
0.0069175
0.0260005
0.0419503
0.0267632
0.0438467
0.0605487
0.0404511
0.0480237
0.0158843
0.0446093
0.0238953
0.0091161
0.0068981
0.0294189
0.0421385
0.042731
0.0431394
0.0056306
0.0255334
0.0601552
0.0272408
0.0256996
0.0424753
0.0311329
0.0084598
0.0441351
0.0255832
0.0051051
0.034306
0.0252501
0.0087781
0.0276868
0.0032572
0.0287125
0.0154957
0.0055003
0.0372562
0.0330945
0.0100727
0.0034083
0.0207908
0.0032569
0.0098331
0.024955
0.0013364
0.0253783
0.0273525
0.0032178
0.039129
0.0557569
0.0174636
0.0034008
0.0602121
0.0004018
0.0254471
0.0068461
0.0031859
0.0284528
0.0087464
0.004381
0.0282371
0.0448408
0.0307496
0.0461344
0.0436815
0.0276028
0.0432359
0.0474621
0.0044568
0.0061132
0.026682
0.0087626
0.0029985
0.026345
0.0395958
0.028029
0.0414995
0.0332227
0.0036794
0.0039832
0.0031163
0.0129697
0.003559
0.0249183
0.0092033
0.0045298
0.05553
0.0423278
0.0249004
0.0122997
0.0263859
0.0034104
0.0004378
0.0162402
0.0654959
0.045182
0.0147881
0.0299486
0.003327
0.0257852
0.0439675
0.0035715
0.0044373
0.0783846
0.0227118
17.8491
