0.0033118
0.0322027
0.0265367
0.0434694
0.0117733
0.0033692
0.0042915
0.0052119
0.0060108
0.0467523
0.0297002
0.0580295
0.0281911
0.0316338
0.046734
0.0132591
0.0370336
0.0032609
0.0271271
0.0037706
0.0684501
0.0312032
0.0327974
0.0071987
0.028321
0.0035692
0.0257254
0.0257496
0.0256539
0.0035414
0.0249985
0.0653241
0.0292754
0.0040513
0.0178167
0.0105737
0.000393
0.0265788
0.0256729
0.0239262
0.0073328
0.0476754
0.009536
0.0301753
0.0255511
0.0066149
0.0434595
0.0344555
0.0256999
0.0437719
0.0335548
0.0011339
0.0282807
0.0154405
0.0040981
0.0458968
0.0358438
0.0074175
0.0010309
0.006288
0.0060651
0.0436483
0.0384723
0.0104665
0.0517679
0.0062766
0.0036297
0.0116759
0.0549846
0.0052238
0.032613
0.0339821
0.0244556
0.0415237
0.0033234
0.0006125
0.0137894
0.0617254
0.0070327
0.0032738
0.0044409
0.0396597
0.0343745
0.0448437
0.0450317
0.0642095
0.0051661
0.0276207
0.0450916
0.0034789
0.0499087
0.0038956
0.0088976
0.0455019
0.0056257
0.0435042
0.0182148
0.0634966
0.0435154
0.0491634
0.0090716
0.0035474
0.0079827
0.0056914
0.0272523
0.0153675
0.0287993
0.0263023
0.0294701
0.0456165
0.0726319
0.0054805
0.0490046
0.0055412
0.025921
0.0073569
0.0035415
0.0316376
0.0133281
0.0734116
0.0033813
0.0172651
0.0029612
0.0043097
0.0216901
0.0665944
0.0314169
0.022398
0.0291655
0.0042226
0.003616
0.0311617
0.0068772
0.0598121
0.0050289
0.0469974
0.0040825
0.0381464
0.024152
0.024647
0.0433815
0.0430564
0.0438935
0.0228947
0.005183
0.0242888
0.0151603
0.041958
0.0647149
0.0034388
0.0309531
0.0113006
0.0049338
0.0306142
0.049834
0.0040395
0.0173809
0.057034
0.0289044
0.0029515
0.0466073
0.0064211
0.003356
0.0246991
0.0263285
0.0228656
0.0120542
0.0434462
0.0070312
0.0617023
0.0272382
0.0556693
0.0638718
0.0268018
0.0272841
0.0487681
0.0034065
0.0267714
0.0212174
0.0341384
0.0071141
0.0444806
0.0123344
0.0246255
0.00349
0.0036735
0.0012647
0.0033703
0.0291975
0.0458754
0.0093156
0.0148738
0.0052837
0.0294084
0.0268253
0.0248297
0.0052453
0.0382866
0.0288259
0.0035343
0.0131705
0.0297409
0.0037774
0.0042983
0.0087325
0.0034024
0.0207343
0.0271239
0.0282447
0.056311
0.0180861
0.0317545
0.0111368
0.007998
0.0052491
0.044647
0.0002304
0.0636745
0.0262875
0.045932
0.0041129
0.031014
0.046416
0.0325831
0.0269122
0.0303417
0.0836317
0.0204721
0.0098838
0.0271067
0.0216452
0.0297618
0.0625218
0.0292505
0.0061651
2.99e-05
0.0259657
0.0553337
0.0480268
0.0040702
0.0276764
0.0072251
0.0228405
0.0328074
0.0072392
0.0259826
0.005408
0.0466932
0.0485426
0.0045287
0.0498969
0.0343775
0.0277116
0.0453662
0.0484602
0.0249802
0.0306121
0.0332655
0.0104097
0.0015884
0.0265786
0.0309437
0.0059264
0.0323955
0.0358972
0.045413
0.0282825
0.0003286
0.0307251
0.0071055
0.0046516
0.0145361
0.0032464
0.0302934
0.0354594
0.0027241
0.0034119
0.0476016
0.0034325
0.003799
0.0004997
0.0084204
0.0054569
0.0053001
0.0272858
0.004264
0.0436297
0.0103537
0.0725092
0.0155775
0.0092044
0.0446703
0.0067447
0.0356228
0.0163178
0.046705
0.0262104
0.0055935
0.0259012
0.0038166
0.0458537
0.0002478
0.0298075
0.038252
0.043604
0.0172546
0.0385224
0.0236139
0.0001562
0.0320833
0.0295384
0.0285616
0.0067295
0.0238381
0.0049119
0.0594479
0.0650482
0.0295349
0.0062914
0.0035139
0.0543199
0.0426713
0.012302
0.0516189
0.0438096
0.003794
0.0271678
0.051063
0.0091269
0.0057687
0.0620527
0.0286591
0.0337475
0.0412399
0.0290477
0.0441069
0.0035369
0.011003
0.0316761
0.0130373
0.0097057
0.0061036
0.0051331
0.0126978
0.0112458
0.0035283
0.0352531
0.0278851
0.0229942
0.0034161
0.0050723
0.0294392
0.0051015
0.0509697
0.0548467
0.0267339
0.022676
0.0140986
0.0481777
0.028095
0.0299157
0.0373268
0.0033916
0.0401299
0.0056919
0.0447524
0.045998
0.0140324
0.0041562
0.0085003
0.003346
0.0330713
0.0476904
0.0033965
0.0501509
0.0052523
0.0545603
0.0034168
0.0285116
0.0309224
0.0437089
0.0797928
0.0335436
0.0190035
0.0034764
0.0091939
0.0462587
0.0157363
0.0125038
0.0306111
0.0102909
0.0229339
0.0180957
0.0320231
0.014675
0.0480763
0.0439855
0.0097665
0.0319714
0.0485936
0.0034103
0.0587745
0.0034068
0.0065869
0.0308876
0.0676746
0.0137559
0.0458674
0.0021593
0.0635457
0.0365956
0.0002363
0.0494478
0.035285
0.03057
0.0023232
0.0543432
0.0063999
0.0465084
0.045098
0.0148199
0.0273931
0.0258777
0.0178858
0.0532122
0.0292378
0.0432713
0.0325149
0.0463745
0.0694211
0.0216399
0.0057291
0.0474544
0.0081232
0.0036817
0.0532874
0.0039787
0.0047467
0.0055067
0.043273
0.0137211
0.0451037
0.0269905
0.0284422
0.0263773
0.0036288
0.0578407
0.0095338
0.0070255
0.0031009
0.0486293
0.0461472
0.0034245
5.16e-05
0.0020197
0.0082046
0.0028933
0.0043724
0.0015432
0.0113047
0.0138105
0.0048046
0.0048502
0.0361136
0.0130509
0.0606084
0.0294411
0.0035596
0.0271218
0.010828
0.0279076
0.0267511
0.005279
0.0297322
0.0039272
0.0297105
0.0268155
0.0408276
4.07e-05
0.0001256
0.0419286
0.027492
0.0041904
0.0658044
0.0357658
0.0051327
0.0555244
0.0433397
0.0087182
0.0399275
0.0033383
0.0044097
0.0287356
0.0253184
0.0536624
0.0033664
0.0005693
0.028617
0.0122928
0.0278834
0.0353471
0.0219725
0.0053618
0.0032294
0.0432187
0.0036734
0.0550806
0.0292017
0.03139
0.0085795
0.057836
0.0318341
0.0181039
0.0037834
0.0087758
0.0074829
0.0343966
0.0267588
0.0364042
0.0134884
0.0277785
0.0161601
0.0034669
0.0292882
0.0498215
0.0062507
0.0792098
0.0108835
0.0584648
0.0420916
0.0545414
0.0135567
0.0274783
0.0462977
0.011425
0.0351199
0.0282147
0.0120296
0.0287347
0.0132205
0.004342
0.0269503
0.0279911
0.003872
0.0126178
0.0034031
0.049598
0.0051429
0.0037748
0.0034941
0.0320206
0.0048151
0.0097108
0.0014023
0.0122769
0.0275618
0.0318798
0.0033428
0.0065374
0.0444387
0.026872
0.0035585
0.00715
0.0472046
0.0112126
0.0469153
0.0242094
0.0234258
0.0249255
0.0459737
0.0040339
0.0466792
0.0222078
0.0305183
0.0035672
0.0747293
0.0291899
0.0114266
0.0469649
0.0688156
0.054698
0.0456029
0.0053056
0.0290975
0.0160223
0.0444816
0.0175975
0.0708696
0.0463598
0.0485264
0.0051845
0.0039968
0.0296341
0.0333374
0.0044578
0.0265927
0.0051405
0.0121649
0.0525811
0.0326359
0.0060587
0.0043545
0.0154696
0.003332
0.0130424
0.0049786
0.031455
0.0290561
0.0131881
0.0150886
0.0471436
0.0368329
0.0473244
0.0035136
0.0264424
0.0454662
0.0645573
0.0033927
0.0866539
0.0258411
0.0847621
0.0294929
0.0135433
0.0033833
0.0068021
0.0292902
0.0054835
0.0292011
0.0055125
0.0848806
0.0032803
0.0302976
0.0194336
0.0286019
0.0358329
0.0267147
0.0172308
0.0461538
0.0035742
0.0131274
0.009174
0.0438244
0.0044483
0.0499099
0.0072941
0.0617189
0.0090064
7e-06
0.0331266
0.0035213
0.0458056
0.0183261
0.0340796
0.06922
0.0455162
0.0622855
0.0102424
0.0069594
0.0463521
0.0160082
0.0024969
0.0469128
0.0574097
0.0332685
0.0035666
0.062134
0.0263861
0.0667396
0.0275206
0.0269747
0.0412859
0.0034798
0.0050549
0.0306105
0.0318612
0.0034609
0.0240752
0.0090648
0.0462708
0.0668965
0.0209452
0.0080121
0.0133376
0.010442
0.074176
0.0571228
0.046659
0.013482
0.0041831
0.0665875
0.0161672
0.0127521
0.0054444
0.0443682
0.0051895
0.0053238
0.0466923
0.0227896
0.0035862
0.0042885
0.0070944
0.0201171
0.0189704
0.0033638
0.0414575
0.0483785
0.0346998
0.0035673
0.0568945
0.0255931
0.0295188
0.0294861
0.0123593
0.0071217
0.0277359
0.0037357
0.0494161
0.0445461
0.0106899
0.0683521
0.0061638
0.0034452
0.0091632
0.0045416
0.0450063
0.0504446
0.0634739
0.0344579
0.0601485
0.0286059
0.0034644
0.0514054
0.0057442
0.0044388
0.0276874
0.0064479
0.0293064
0.0374634
0.0292495
0.0516087
9.22e-05
0.0468737
0.0034357
0.0069621
0.0034201
0.0341533
0.0163603
0.003607
0.0464601
0.0341848
0.0471735
0.0531701
0.0220403
0.0033736
0.0104258
0.0065215
0.0005497
0.0073639
0.0273451
0.0090484
0.0080167
0.0039184
0.0043072
0.013626
0.0386121
0.0443716
0.0051734
0.0367505
0.0187597
0.00779
0.0443674
0.0633608
0.0454865
0.0011406
0.0174654
0.0304618
0.0295473
0.0443942
0.0775956
0.0055638
0.0298448
0.042795
0.0650977
0.0023017
0.0097495
0.0898211
0.0478012
0.0470194
0.0268722
0.015524
0.0282856
0.0239856
0.0148405
0.025762
0.0218166
0.0402894
0.0055509
0.0275183
0.027038
0.013505
0.0038614
0.0340261
0.0278171
0.0049516
0.0285706
0.0509008
0.0107737
0.0052832
0.0514608
0.0132886
0.0033964
0.0060014
0.0134605
0.010859
0.0038893
0.0038792
0.0388802
0.0109344
0.028063
0.0469665
0.026493
0.0288479
0.0271214
0.0035037
0.0001799
0.0037218
0.0896429
0.0161462
0.0494303
0.0153362
0.0268746
0.0147496
0.0034876
0.0471843
0.0522886
0.0311426
0.0472863
0.0038383
0.0332789
0.0570028
0.0481622
0.0315809
0.0040753
0.0420138
0.0262098
0.0382574
0.0178215
0.031633
0.0018113
0.0481349
0.0194696
0.0242193
0.0274395
0.0504603
0.0034688
0.0461933
0.025068
0.0067289
0.0299222
0.0257878
0.0274059
5.63e-05
0.0274125
0.0029869
0.026827
0.0129798
0.0664537
0.0037639
0.0281888
0.0508807
0.0407876
0.001171
0.0484317
0.0035766
0.0195492
0.0283163
0.0635726
0.0037669
0.0289367
0.0352282
0.0276823
0.0233681
0.0040615
0.0693373
0.0037184
0.0450178
0.0041343
0.0167403
0.0103899
0.0033722
0.0054908
0.0034846
0.0224005
0.0277145
0.0140817
0.0069055
0.0307074
0.0512051
0.0276357
0.0501303
0.0633636
0.042803
0.0486256
0.0168425
0.0457049
0.0309837
0.0091953
0.0048583
0.0307677
0.0457041
0.049601
0.0481926
0.0058025
0.0275911
0.0644862
0.0305082
0.0287878
0.0445116
0.0379947
0.0090447
0.0450232
0.0272913
0.0054788
0.0369989
0.0377538
0.009415
0.0293474
0.0034199
0.0303047
0.0158122
0.005775
0.042874
0.0347471
0.0110902
0.0035925
0.0217438
0.0035233
0.0162044
0.0270097
0.0012548
0.0269602
0.0286182
0.0051024
0.0406614
0.058284
0.0187358
0.0048703
0.0606165
0.0004395
0.0254875
0.0072309
0.0052575
0.0282581
0.0095447
0.0045692
0.027248
0.0440806
0.0318822
0.0473447
0.044243
0.0345336
0.043388
0.0464762
0.0044784
0.0047039
0.024573
0.0087219
0.0033444
0.0279911
0.0515637
0.0274859
0.0458111
0.035905
0.0041825
0.0035484
0.0034577
0.0133524
0.0036492
0.0274055
0.0100351
0.0047838
0.0614484
0.0446761
0.0255436
0.0125879
0.0292915
0.0034234
0.0004458
0.0162193
0.0684475
0.0464767
0.0155962
0.0272541
0.0036024
0.0257847
0.0446304
0.0037673
0.0049158
0.079392
0.0244612
4.94371
