0.0036361
0.0315703
0.0267358
0.0438057
0.011994
0.0034471
0.0044605
0.0054797
0.0062044
0.0329442
0.0293311
0.0480059
0.0284959
0.0274348
0.0463039
0.0143187
0.0278062
0.0032304
0.0292259
0.0040088
0.0633341
0.0283841
0.024986
0.0078935
0.0301451
0.0033057
0.0272719
0.0270918
0.0248063
0.0033901
0.0247982
0.0627404
0.0294296
0.0041566
0.0184858
0.0102677
0.0003927
0.0271896
0.025862
0.0217044
0.0074839
0.0458632
0.0105449
0.0332123
0.0255914
0.0066482
0.0445064
0.0307537
0.0262214
0.0439008
0.0324893
0.0011659
0.028461
0.0155225
0.0042349
0.046319
0.0278645
0.0078677
0.0009985
0.0054836
0.0060155
0.0426669
0.0405275
0.0088807
0.0452751
0.0068399
0.003748
0.0124718
0.0439862
0.0052144
0.0292072
0.0329261
0.0154969
0.0287072
0.0034987
0.0006334
0.0139076
0.0634511
0.0073044
0.0037223
0.0045632
0.0318259
0.0264259
0.0452
0.0466851
0.0645153
0.0034998
0.0300226
0.0426613
0.0035626
0.0462544
0.0039469
0.0059252
0.0463384
0.005578
0.0409034
0.0138362
0.0595624
0.0443278
0.0491116
0.0087357
0.0037888
0.0080864
0.0056355
0.0259681
0.0157892
0.0295192
0.0265222
0.0274086
0.0467943
0.061922
0.0055163
0.0397561
0.0037015
0.0260116
0.0075318
0.0035449
0.0292566
0.0126045
0.0663147
0.0036043
0.0160371
0.0019127
0.0044722
0.0215218
0.0636674
0.0311563
0.022356
0.0259334
0.0041621
0.0034018
0.0299794
0.0069699
0.0453826
0.0052005
0.0297483
0.0053183
0.0313987
0.0184998
0.0174896
0.0447828
0.0449858
0.0439926
0.0224785
0.0033097
0.0250045
0.0095348
0.0264201
0.0493224
0.0033518
0.0281888
0.0109766
0.0049278
0.0262247
0.0491653
0.0033762
0.0170948
0.0426655
0.0292685
0.0031042
0.0441039
0.0066966
0.003501
0.0169687
0.0275494
0.0216223
0.0118825
0.0436489
0.0073267
0.0618445
0.0277183
0.0439173
0.043386
0.0264453
0.0274506
0.0489128
0.0034582
0.0276181
0.0146553
0.034902
0.006838
0.0429085
0.0132654
0.0198907
0.0033582
0.0037121
0.0012591
0.0022796
0.029912
0.0426638
0.0090771
0.0147166
0.0034163
0.0296165
0.0274817
0.0260496
0.0034171
0.0379122
0.0290385
0.0034663
0.013031
0.0300392
0.0037398
0.0043041
0.0085911
0.0034438
0.020981
0.0257641
0.0285373
0.0453679
0.0174701
0.0307607
0.0104566
0.008299
0.0053737
0.0415602
0.0001542
0.0648713
0.0265169
0.0470493
0.0038936
0.0314728
0.0450474
0.0329643
0.0260594
0.0219418
0.0613182
0.0206313
0.0103229
0.0262869
0.0240385
0.029429
0.0451438
0.0259372
0.0041417
2.95e-05
0.0267815
0.042186
0.0443149
0.0043477
0.0289615
0.0047023
0.023017
0.0284231
0.0071499
0.0263311
0.0036809
0.0460991
0.0483266
0.0046083
0.047852
0.0252891
0.0258518
0.046036
0.0426896
0.0252059
0.0298217
0.0280954
0.0107196
0.0016093
0.0259933
0.0298388
0.0058484
0.0296021
0.0317219
0.0453134
0.0300551
0.000335
0.0298037
0.0072701
0.0045786
0.0147642
0.0032326
0.0249558
0.0333603
0.0030567
0.0033937
0.0484017
0.0034983
0.0036073
0.0004975
0.0083437
0.0037088
0.0038324
0.0274876
0.0043029
0.0427381
0.0101042
0.0640152
0.015884
0.0075639
0.0438755
0.0058851
0.0354629
0.0165353
0.0482765
0.0261265
0.0034108
0.0262534
0.0037331
0.0441543
0.0001711
0.0286059
0.0380528
0.0434181
0.0171635
0.0341873
0.018462
0.0001654
0.0325733
0.0292499
0.0190385
0.0070533
0.02411
0.0050324
0.0454936
0.065434
0.0296683
0.0049129
0.0034557
0.0443782
0.0422045
0.0120918
0.044682
0.04423
0.003821
0.0262112
0.0464574
0.0090319
0.0058157
0.0625516
0.0295576
0.0271835
0.0322698
0.029626
0.045424
0.003527
0.0105968
0.0316966
0.0129017
0.0090919
0.0062572
0.005388
0.0125079
0.0113798
0.0033925
0.0347888
0.0277588
0.0236835
0.0034959
0.0049885
0.0299182
0.0050378
0.0500211
0.0521981
0.0274849
0.0222371
0.0150532
0.0485847
0.0268851
0.0307121
0.0341927
0.0035378
0.0251606
0.0054896
0.0464261
0.0464782
0.0152978
0.0040263
0.0089068
0.0035035
0.0330247
0.0443561
0.0035544
0.0463933
0.0054174
0.0432012
0.0035444
0.0316157
0.0370152
0.0456916
0.0644522
0.0273132
0.0205296
0.0033462
0.0093804
0.0557432
0.0163005
0.0125792
0.0269234
0.0088478
0.0153865
0.0187942
0.0330858
0.015402
0.0473079
0.0453715
0.0099966
0.0344753
0.0519595
0.003538
0.0596284
0.0037026
0.0066575
0.0307189
0.0691712
0.0143139
0.0475469
0.0022505
0.0619421
0.0258885
0.0002574
0.0469833
0.035685
0.0306741
0.0027293
0.0469567
0.0066065
0.0459215
0.0458073
0.0161647
0.0266119
0.0257348
0.0174846
0.0529658
0.0265801
0.0355807
0.0216933
0.0453881
0.0716118
0.0200815
0.0060211
0.0488599
0.0088153
0.0036279
0.0467709
0.0034399
0.0047784
0.0057605
0.0301595
0.0149601
0.0458365
0.028103
0.0292972
0.0276548
0.0044358
0.0442235
0.0098861
0.0071543
0.0045395
0.0475764
0.04626
0.0033569
6.49e-05
0.0019835
0.0086614
0.0029716
0.0046744
0.0015032
0.0113487
0.01494
0.0049075
0.0033949
0.0269042
0.0127891
0.0641572
0.0290068
0.0036346
0.0274905
0.0115089
0.029328
0.0272114
0.0035173
0.0274142
0.0040849
0.0297684
0.0266289
0.0423393
3.87e-05
0.0001301
0.0329632
0.0283015
0.0043206
0.0678517
0.0326066
0.0034598
0.0462846
0.0440465
0.0089673
0.0414713
0.0035349
0.0044516
0.0300339
0.0256923
0.0388191
0.0032857
0.0005823
0.0354141
0.0112994
0.0342783
0.0267129
0.0227337
0.00359
0.0031912
0.0438068
0.0036248
0.0499986
0.0271956
0.0281307
0.0086181
0.0517344
0.0360888
0.0214867
0.0037024
0.0082681
0.0078106
0.0276688
0.0227944
0.0369843
0.0106317
0.029484
0.0109176
0.0038201
0.0305223
0.0519287
0.005476
0.0815941
0.011231
0.0460518
0.0417037
0.0506706
0.0147664
0.0276807
0.0463904
0.0118648
0.0254176
0.0295502
0.0116692
0.0271357
0.0136039
0.0044871
0.0292507
0.0278041
0.0036881
0.011407
0.0036804
0.0438208
0.0053549
0.0038249
0.0035845
0.0319812
0.00476
0.0097716
0.0014949
0.0123006
0.0276553
0.0294986
0.0036248
0.0067079
0.0540481
0.0269354
0.0039368
0.0067489
0.0472229
0.0071994
0.0430721
0.0245793
0.0245007
0.025475
0.0457184
0.0036567
0.0449313
0.0221909
0.0366149
0.0037851
0.0599787
0.029521
0.0115221
0.0458396
0.0655558
0.0474075
0.0470377
0.0052514
0.0280371
0.0141582
0.0454153
0.0185301
0.0647424
0.048331
0.0489951
0.0055238
0.0040956
0.0303524
0.0293163
0.0047246
0.0278521
0.0053782
0.0121343
0.0578135
0.0278503
0.0064371
0.0042031
0.0151933
0.0034019
0.0114331
0.0032773
0.0365034
0.0299013
0.0133324
0.0154073
0.0510798
0.0289527
0.0489944
0.0035642
0.027146
0.047091
0.0613623
0.0032254
0.0765127
0.024747
0.0633223
0.0301943
0.0092987
0.0035109
0.0069247
0.0293126
0.0055198
0.0302472
0.0040579
0.0809393
0.0032429
0.0300361
0.0201879
0.0285765
0.0304607
0.0273083
0.0160622
0.0462333
0.0036247
0.0125527
0.0075126
0.0444221
0.004399
0.0487969
0.0075455
0.0622538
0.0087235
7.5e-06
0.0333308
0.0034988
0.0473578
0.0189972
0.0315129
0.0635067
0.0459933
0.0453645
0.0108477
0.0067551
0.044545
0.0164018
0.0024748
0.0475607
0.0446681
0.0294668
0.0034351
0.0620816
0.0280591
0.064792
0.028169
0.0267891
0.0335066
0.0035324
0.0034626
0.0309649
0.0312643
0.0034905
0.0243119
0.0096589
0.0461202
0.0645261
0.0214506
0.0054814
0.0135205
0.0082255
0.074548
0.0528257
0.0439657
0.0130457
0.0040178
0.0611782
0.0111833
0.0123095
0.0034991
0.0447328
0.0032819
0.0054587
0.0455103
0.0227068
0.0036233
0.0043113
0.0072461
0.0193872
0.0185042
0.0031415
0.0319847
0.0523028
0.0288803
0.0033482
0.0449027
0.0266827
0.0258884
0.0287503
0.0108046
0.0044154
0.0279954
0.0035356
0.0477063
0.0310042
0.010965
0.0467247
0.0063589
0.0035084
0.0092214
0.0045463
0.044298
0.0577428
0.0481352
0.0287981
0.0476864
0.0318792
0.0034306
0.043184
0.0056391
0.0045679
0.0280253
0.0064933
0.028607
0.0389982
0.0295764
0.0483982
5.95e-05
0.0501985
0.0035589
0.0047327
0.0033445
0.0488962
0.0135398
0.0036938
0.0452751
0.0508208
0.046076
0.0479473
0.0226199
0.0050257
0.0105287
0.0059236
0.0005584
0.0112592
0.027811
0.0088344
0.007121
0.0062491
0.004338
0.0130697
0.0299888
0.0683734
0.0035173
0.0366191
0.0188041
0.0121294
0.0405849
0.0617859
0.0436488
0.0017043
0.0176366
0.0303699
0.0269512
0.0678588
0.0782267
0.0049626
0.0279814
0.0464943
0.0689166
0.0024135
0.0090801
0.152606
0.0473039
0.0390231
0.0269249
0.0234718
0.0290975
0.0246667
0.0152216
0.0395725
0.0242971
0.0410566
0.0058053
0.0435226
0.0282277
0.0154657
0.0037377
0.0523748
0.0287356
0.005043
0.0299712
0.06911
0.0111491
0.0033877
0.047004
0.0208834
0.0038052
0.0063841
0.0140127
0.0159467
0.0043777
0.0039335
0.0291072
0.0104867
0.0309681
0.0501958
0.0295189
0.0450934
0.0406675
0.0036988
0.0002042
0.0054786
0.0955506
0.0211051
0.0533757
0.0144196
0.0412375
0.023394
0.0036612
0.0677964
0.0692052
0.0469807
0.0482598
0.0055761
0.0417904
0.0801464
0.0660472
0.0457519
0.0058423
0.03922
0.0260131
0.0478222
0.0291768
0.0423676
0.002791
0.0736682
0.0296439
0.0347441
0.0409848
0.0764867
0.0082229
0.0726545
0.0371582
0.0095513
0.0462304
0.0434582
0.0412461
0.0001004
0.0490125
0.0048462
0.0415661
0.0123896
0.0923457
0.0063764
0.042215
0.0713178
0.0599465
0.001681
0.076497
0.0052718
0.0310055
0.0480202
0.105809
0.0055736
0.0445301
0.048375
0.0419585
0.035045
0.0063525
0.10181
0.0052676
0.0659374
0.0069833
0.0263761
0.0160886
0.0051642
0.0068377
0.0053607
0.0355905
0.0409317
0.021429
0.0106257
0.0431895
0.0659418
0.041279
0.0711745
0.0999052
0.0623559
0.0717627
0.0270269
0.0766371
0.0367227
0.0136237
0.0085897
0.0475074
0.0660549
0.0662365
0.0658788
0.0093024
0.0526126
0.0957173
0.0406952
0.0404387
0.0904233
0.0499156
0.0126728
0.0694422
0.0435684
0.0081366
0.0540744
0.0408574
0.0145328
0.0438796
0.0048563
0.0455165
0.0239258
0.0085081
0.0585665
0.0503879
0.0162703
0.005171
0.0334533
0.005188
0.0208518
0.0405377
0.0017771
0.0415821
0.0482019
0.0051517
0.0597311
0.0881199
0.0292774
0.0049194
0.0949227
0.0006083
0.0447306
0.0111832
0.00483
0.0439303
0.0178201
0.0064488
0.0399907
0.0700326
0.0541785
0.071604
0.0714528
0.0419894
0.076415
0.0676489
0.0064574
0.0063659
0.0517183
0.0128706
0.0049713
0.0401424
0.0807097
0.0421232
0.065301
0.0533708
0.0094166
0.0060523
0.0054155
0.0199564
0.007231
0.0403693
0.0147003
0.0068641
0.0993084
0.066785
0.0388841
0.0186167
0.04826
0.0050352
0.0006229
0.0242719
0.129126
0.0724745
0.0227801
0.0455204
0.0071472
0.073834
0.0671547
0.005435
0.0090816
0.132
0.0395204
11.3166
