0.0052915
0.0416572
0.042947
0.0550621
0.0211478
0.0039953
0.0061524
0.009201
0.0092124
0.0459428
0.0441329
0.0752096
0.0462493
0.0424282
0.0608412
0.0207742
0.0404547
0.005514
0.0483234
0.0065169
0.113067
0.0311723
0.0397712
0.0155155
0.0323266
0.0060815
0.0388448
0.0447304
0.0473022
0.0041777
0.0428631
0.0969585
0.0476184
0.004483
0.0297297
0.0161298
0.0006593
0.0444114
0.0352931
0.0340888
0.0081464
0.0593581
0.0164807
0.051755
0.0285098
0.0075765
0.0709902
0.0482074
0.0366737
0.0694588
0.048123
0.0019303
0.0449828
0.0180463
0.0048242
0.07384
0.0404157
0.0083565
0.0017191
0.0096144
0.0069283
0.0675587
0.0559976
0.0145322
0.0654329
0.0095107
0.0064364
0.0199366
0.0523304
0.0088946
0.0361172
0.0372152
0.0299027
0.0413646
0.003883
0.0010418
0.0194
0.0943447
0.0080718
0.0058329
0.0048557
0.0427511
0.0445217
0.0564256
0.0544223
0.0903469
0.0043698
0.0524571
0.0656085
0.0062175
0.0723119
0.0066716
0.0099234
0.0736014
0.0093624
0.0659678
0.0201994
0.106148
0.0723676
0.0603336
0.0183803
0.0060387
0.012637
0.0095775
0.0452548
0.0220619
0.0400467
0.0295682
0.0403363
0.051278
0.077576
0.0115291
0.058027
0.0044738
0.0437085
0.0080876
0.006459
0.0434941
0.0225426
0.112106
0.0057784
0.0353522
0.0038464
0.0047969
0.0346687
0.108717
0.0385759
0.0383474
0.0351874
0.0071492
0.0057741
0.0316466
0.0120299
0.0726028
0.0084204
0.0524446
0.005565
0.0375001
0.0313096
0.0196999
0.0717185
0.0716336
0.0626775
0.0357829
0.006608
0.0423281
0.0173743
0.0457167
0.0580132
0.006804
0.0477245
0.0170337
0.0082253
0.030165
0.0706688
0.0039177
0.0311714
0.070572
0.0491981
0.0058027
0.0696538
0.0106593
0.0056291
0.0237953
0.0473742
0.0412111
0.0200584
0.0787956
0.0104319
0.0684855
0.0461435
0.0641375
0.0693599
0.0435054
0.0445701
0.090236
0.0038265
0.0418864
0.0162559
0.0592915
0.0081011
0.0851699
0.0210117
0.0306471
0.0060912
0.0041335
0.0021833
0.0024401
0.0550295
0.0723007
0.0136987
0.0263396
0.0069098
0.0511028
0.0444684
0.0408636
0.0038216
0.0699026
0.0426831
0.0054476
0.0248965
0.0536271
0.0062075
0.0073641
0.0094618
0.0059384
0.0357526
0.0511288
0.0574087
0.0639733
0.0320827
0.0596955
0.0210193
0.0141855
0.0109648
0.0738272
0.0003071
0.101776
0.051839
0.0763926
0.0078748
0.0513258
0.0806255
0.0449048
0.053579
0.0406316
0.0896585
0.0267266
0.012227
0.0438326
0.0367827
0.0525774
0.0901552
0.0309753
0.0042847
4.61e-05
0.03358
0.0781388
0.084438
0.0044401
0.046617
0.0050369
0.0395839
0.0468006
0.0118196
0.0532722
0.0039051
0.0612165
0.0706414
0.0049529
0.0615179
0.0447982
0.0416819
0.0766746
0.0732097
0.0444376
0.0505057
0.0375802
0.0149665
0.00274
0.0441811
0.0569346
0.0097146
0.0578239
0.0529702
0.0642212
0.0376964
0.0005168
0.0598461
0.015117
0.0077888
0.0239007
0.0053148
0.0281233
0.0640144
0.0039367
0.0054966
0.0829863
0.0038513
0.0065599
0.0007897
0.0140774
0.0039918
0.0056666
0.0471156
0.0079416
0.0692002
0.0187593
0.118458
0.0173527
0.0096094
0.0638132
0.0068704
0.0546345
0.030727
0.075885
0.0348851
0.0060328
0.0297249
0.0058916
0.0751697
0.0002976
0.0479566
0.0588741
0.0572492
0.0188846
0.0543396
0.0224825
0.000265
0.0413853
0.0378922
0.0403822
0.0112798
0.0477288
0.0105355
0.0663548
0.101017
0.0585047
0.0055612
0.0048203
0.04977
0.0720471
0.0134113
0.074685
0.0743727
0.0051775
0.0485696
0.074834
0.0097644
0.0070675
0.106724
0.049251
0.032653
0.0644496
0.0491603
0.0537273
0.0044473
0.019524
0.0580374
0.0220039
0.0169073
0.0105438
0.0083868
0.0166869
0.0153087
0.004592
0.0413899
0.0471866
0.0453001
0.0040377
0.0055844
0.0344827
0.0088252
0.0827448
0.0797014
0.0404176
0.0384195
0.0243295
0.0756941
0.0523047
0.0535873
0.0540955
0.0058658
0.0431423
0.0102715
0.0573091
0.0680056
0.0201557
0.006803
0.0134479
0.0058304
0.0403743
0.0595476
0.0059183
0.0527286
0.0090337
0.0713657
0.0059457
0.0475257
0.0481475
0.0773992
0.10407
0.0427071
0.0339171
0.00599
0.0198724
0.0738672
0.0233991
0.0215907
0.0460485
0.0137949
0.0172676
0.0318658
0.0631752
0.0245954
0.0702664
0.0644042
0.0133323
0.0443209
0.0774384
0.0057714
0.0891423
0.0074674
0.0108168
0.0510824
0.10482
0.0179404
0.0823425
0.0027417
0.0768298
0.0423664
0.0003841
0.0772113
0.0396491
0.0506803
0.0040681
0.0718964
0.0137977
0.0678439
0.0683599
0.025375
0.0457281
0.046666
0.0327479
0.060621
0.040034
0.0610321
0.0306812
0.0541355
0.101421
0.0248794
0.0098169
0.0719105
0.0174256
0.0044534
0.0660315
0.0041702
0.0084431
0.0090922
0.0510057
0.0283143
0.0864886
0.0462228
0.0548365
0.0413024
0.0061319
0.067928
0.0168085
0.0103675
0.0068235
0.0829175
0.0772023
0.0042788
8.79e-05
0.0033416
0.0133751
0.0032782
0.0085124
0.0026485
0.0140177
0.0233272
0.0082754
0.0043889
0.0462433
0.0242482
0.0967372
0.0329566
0.0077343
0.0497181
0.0181196
0.0401709
0.0302431
0.0058863
0.03198
0.0082754
0.0498985
0.0429555
0.0681517
4.41e-05
0.0002352
0.0465227
0.043992
0.0072749
0.114478
0.0483807
0.0060164
0.0759119
0.0491248
0.0151663
0.0647901
0.0058943
0.0054879
0.0557035
0.0407846
0.0623854
0.0062539
0.000618
0.0468299
0.0224491
0.0484363
0.0440465
0.0363151
0.0059454
0.0034698
0.0498809
0.0061471
0.0808766
0.0489887
0.0485744
0.0159484
0.0749893
0.0501926
0.0347335
0.0064518
0.0126102
0.0119261
0.0457537
0.0366106
0.0581072
0.0123818
0.0396366
0.0234152
0.0058612
0.0375183
0.0776094
0.0098721
0.106584
0.0202263
0.075421
0.0692342
0.0922172
0.0174571
0.0445407
0.07689
0.0146418
0.0415811
0.0466623
0.0163274
0.0398772
0.0165663
0.0077431
0.0445954
0.0484162
0.0065202
0.0202591
0.0038069
0.051814
0.0062118
0.0064865
0.0058573
0.0441871
0.0083611
0.0113107
0.0015982
0.0177806
0.0426923
0.0567418
0.0038134
0.0115046
0.0557562
0.0461273
0.0037872
0.0107704
0.0730362
0.0118679
0.06697
0.0405058
0.0288244
0.0419973
0.0781832
0.0063352
0.0584436
0.0300884
0.045183
0.0053813
0.0730378
0.0464109
0.0193047
0.0552489
0.0865922
0.0816873
0.0589454
0.0092045
0.041273
0.0238714
0.0575641
0.0322888
0.0869479
0.0745846
0.0662094
0.0088187
0.0054385
0.047777
0.0452701
0.0052972
0.0457815
0.0072483
0.0138314
0.0588647
0.0320966
0.0101145
0.0064657
0.0249911
0.0056041
0.0162351
0.004188
0.0440531
0.0371627
0.022722
0.0188991
0.0769596
0.046477
0.0749267
0.0039273
0.0304743
0.0816248
0.101319
0.0059663
0.13
0.0363392
0.0836781
0.0337372
0.0109735
0.0039087
0.0118862
0.0502163
0.0094742
0.0338902
0.0072271
0.0923101
0.003545
0.0483452
0.0244007
0.0475678
0.0466933
0.0437376
0.0221877
0.051933
0.0051891
0.0227936
0.0105628
0.0586628
0.0051681
0.080019
0.0125467
0.0908185
0.0098158
1.26e-05
0.0382162
0.0056716
0.0687405
0.0213955
0.0522111
0.0832165
0.051919
0.079598
0.0114173
0.0128027
0.0839283
0.0288031
0.0041697
0.0751254
0.0580377
0.0519048
0.0038236
0.100556
0.0437763
0.108324
0.053221
0.0430297
0.0555662
0.0075454
0.0038705
0.0524704
0.0426719
0.0060022
0.0281048
0.0149919
0.0518381
0.101853
0.0413343
0.0103223
0.028241
0.0122804
0.118179
0.0871075
0.0728182
0.0224128
0.0079045
0.0941697
0.012907
0.0216112
0.00413
0.0678988
0.0038111
0.0090638
0.0573428
0.0335924
0.0060159
0.007509
0.0100894
0.0285835
0.032335
0.0054092
0.0500533
0.080187
0.0519901
0.0058945
0.0503878
0.0433156
0.0450177
0.0403346
0.0194906
0.0074573
0.0409611
0.0040055
0.0519515
0.0345317
0.0222504
0.077657
0.0079203
0.0058588
0.0158906
0.0074237
0.0592852
0.0751863
0.0812044
0.048966
0.06939
0.0447855
0.0057838
0.0615425
0.0061714
0.0048474
0.0438646
0.0110326
0.0545984
0.052505
0.0506425
0.058322
6.69e-05
0.0776225
0.0057661
0.0075383
0.0038958
0.0483679
0.0152301
0.0041617
0.0559571
0.0358195
0.0734801
0.0801035
0.028602
0.0058797
0.0178046
0.0063461
0.0006069
0.0122421
0.0393709
0.0152232
0.0076932
0.0049925
0.0051337
0.015394
0.0369523
0.0574513
0.0047507
0.0636264
0.0340312
0.0134369
0.0658606
0.0927484
0.0702442
0.0012438
0.0295092
0.0521407
0.0366041
0.0741718
0.127265
0.008285
0.034286
0.0375755
0.0847473
0.0035561
0.0134612
0.1334
0.0712255
0.0530745
0.030844
0.0270435
0.0423522
0.0386597
0.0169223
0.0422957
0.0356954
0.0666563
0.0065586
0.0307355
0.0401745
0.0147587
0.0052989
0.0585146
0.0436541
0.0087467
0.0448526
0.0560486
0.0149148
0.0047313
0.0647454
0.0232415
0.006846
0.0103337
0.0193382
0.0172957
0.0082367
0.0066445
0.0498203
0.0114551
0.0341124
0.0773837
0.0528014
0.0434994
0.0357144
0.0040719
0.0003251
0.0062969
0.0936294
0.020981
0.0562454
0.0112657
0.0402658
0.0180417
0.004201
0.0723698
0.0808961
0.0496003
0.0563347
0.0044249
0.0290605
0.0706851
0.0784277
0.0480888
0.0074864
0.0476103
0.0187653
0.0418439
0.0223165
0.0459607
0.0019783
0.0565788
0.0320074
0.0246076
0.0325639
0.0558431
0.0041204
0.0558725
0.0373513
0.0102293
0.0338574
0.0343253
0.0335442
9.19e-05
0.030238
0.0060932
0.0355242
0.0089969
0.087794
0.0040918
0.0483385
0.0695682
0.0667637
0.0013157
0.0785351
0.0053497
0.0307319
0.040508
0.0671686
0.0041472
0.0383471
0.048828
0.0417205
0.0282402
0.0058763
0.0966655
0.0060697
0.0552835
0.0078297
0.0199649
0.0200072
0.0038143
0.0059294
0.0043672
0.0239367
0.0348096
0.015448
0.0128616
0.0309925
0.0719061
0.0374333
0.0653196
0.0840624
0.0499232
0.0775818
0.0235763
0.0880972
0.0328081
0.0158063
0.0082816
0.0327792
0.0520507
0.064457
0.0759398
0.0104269
0.0378048
0.0805952
0.0308017
0.0437508
0.0533741
0.0523379
0.0137027
0.0605078
0.04215
0.0076339
0.0470268
0.0267211
0.0100928
0.036867
0.0056934
0.0478844
0.019861
0.0061243
0.0419257
0.0409002
0.0114518
0.0041873
0.0231025
0.0040737
0.0111903
0.0463452
0.0013179
0.027954
0.0313083
0.0037022
0.0516553
0.091314
0.0247588
0.0036588
0.0849935
0.0008612
0.0286095
0.0089415
0.0036459
0.0421252
0.0109571
0.0073453
0.0479277
0.0450222
0.0353796
0.0497248
0.0556262
0.0391823
0.0536498
0.0493246
0.0051237
0.0086658
0.029808
0.0111271
0.0037186
0.0454973
0.0595547
0.0367593
0.0501563
0.0334535
0.0045102
0.0043177
0.003808
0.0154925
0.004258
0.0279696
0.0112288
0.0082178
0.0607545
0.0682989
0.0300518
0.0211174
0.0506633
0.005943
0.0004685
0.0158585
0.0700351
0.0555604
0.0177915
0.0524817
0.0041797
0.0291164
0.0503698
0.003787
0.0049218
0.130788
0.0335573
4.73914
