0.0003376
0.004889
0.0005039
0.0001113
0.0006899
0.001173
0.0032201
8.36e-05
0.0064365
0.0006881
0.0025456
0.0006083
0.0017306
0.0001917
0.0002112
0.004992
0.0004358
0.0089634
0.0014579
0.0140494
0.0001809
0.0001491
0.0018182
1.96e-05
0.0010231
0.0016664
0.0014565
0.0001057
0.0013233
4.07e-05
0.0019867
0.0021497
6.31e-05
0.0036439
0.0029214
2.01e-05
0.0076088
0.0007181
0.0002133
0.0005815
4.17e-05
0.0001159
0.0047599
0.0007323
0.0060923
0.003774
0.0013766
0.0058999
0.0006935
0.0003229
0.0010514
0.0078504
0.0019063
0.0001316
0.0024273
0.003445
0.0024352
0.0001346
0.010689
0.0011088
0.0018094
4e-05
0.0010574
4.06e-05
0.006871
0.0056413
5.69e-05
0.0011665
7.92e-05
0.0071714
0.0001012
0.0001335
0.0061296
0.000673
0.0001298
0.0080154
0.001483
0.0002014
0.0046736
0.0004965
0.0037133
8.66e-05
6.34e-05
0.0002515
0.0014892
0.0004527
2.04e-05
0.0007179
0.0002684
0.0010516
0.0002378
0.0005121
0.0006722
0.0003274
0.0031938
0.0059521
0.0025484
0.0004439
0.0002415
0.0001244
0.0010853
0.0002942
0.000561
0.0007454
0.0007235
0.0028622
0.0009533
0.0001649
0.0005452
0.0002035
0.0003903
0.0001324
0.0029638
0.0001767
0.0006731
0.0178003
0.0029803
0.0047204
0.0002593
0.0003129
0.0001026
0.0042242
0.0127791
0.0001397
0.0045544
0.0006022
0.0024788
0.0008053
2e-05
0.0040421
0.002647
0.0006777
0.0009978
8.56e-05
0.0028824
0.0001656
0.000212
8.97e-05
0.0004397
0.0002526
0.0002669
0.001331
7.33e-05
0.0001207
0.0005825
0.0011301
0.000854
0.0012562
0.0003999
0.0002158
0.0001727
0.0010119
0.000738
0.0009728
0.0009382
2.44e-05
0.0080359
0.0002475
0.0027365
0.0065126
3.67e-05
0.0002695
4e-05
0.0008342
0.0005762
0.0003341
0.0043377
3.82e-05
0.0023007
0.0001905
0.0020393
8.43e-05
8.2e-05
0.0007981
0.0026474
0.0001724
1.74e-05
0.0007652
0.0004931
0.0023379
0.0001553
0.0001102
0.000701
0.0070286
0.0026453
0.0065113
0.006422
0.0127
0.0003455
0.0002983
0.001512
0.0020748
0.0005794
0.0016274
0.0001467
0.0009652
0.0014708
0.0007139
0.0001229
9.99e-05
0.0025906
6.91e-05
0.0003698
0.005093
0.0014053
0.0010272
6.83e-05
0.0005579
0.0006895
0.0002274
0.0141616
0.0001408
0.0016631
0.0001007
0.0050223
3.78e-05
0.006468
0.0013333
0.0009856
0.0024804
0.0008076
0.0032633
0.0016835
0.0012129
0.0018772
0.0002545
0.0003931
0.0106143
0.0005235
2.02e-05
0.001039
0.0013378
0.0002367
1.97e-05
9.1e-05
0.0070102
2e-05
0.0002874
0.0003702
0.0005501
0.0019487
0.010374
0.0034691
0.0004265
0.0013732
0.0003772
0.0004318
0.0001422
8.98e-05
0.0014516
0.000167
1.25e-05
0.0005789
0.0003029
0.0002584
0.0004832
0.0009531
8.64e-05
0.0022661
0.0038203
0.0003881
7.87e-05
0.000443
0.0007556
0.0003498
0.0001692
0.00069
0.0039048
0.0006599
0.0041547
0.0020347
0.0015068
0.0042508
0.0007178
0.0002744
0.0039033
0.0001798
0.0008533
1.55e-05
0.0004339
0.0037703
0.0043599
0.0004563
0.0007651
0.0004721
8.42e-05
0.0001257
0.0038402
3.56e-05
0.0001002
0.0045667
0.0006131
0.0038311
0.0004878
9.37e-05
0.0001273
5.67e-05
0.0004447
1.23e-05
2.76e-05
2.33e-05
0.0039998
0.0006115
0.0001976
0.0010431
0.0008224
0.0006514
0.0004188
0.0036547
0.0021132
0.0003224
0.0004401
0.0012039
0.0003701
0.0003298
0.0010626
0.0006032
0.0003546
0.0039299
0.0015672
0.0007855
2.35e-05
0.001233
0.000708
0.0008553
0.0046364
0.0004742
0.000216
0.0018221
0.0032618
0.000556
0.0007758
0.000408
0.0019852
8.48e-05
0.0010051
0.0002405
0.0067847
0.0001293
0.0001723
0.0037548
2.66e-05
0.0008168
0.0021899
0.00057
0.000884
0.0004873
6.75e-05
0.0006477
0.0013643
0.0036256
0.0010312
0.0006965
0.0021227
1.37e-05
0.001169
0.0007338
0.0040571
0.0001519
0.0003352
8.36e-05
0.0005631
0.0006695
0.0002388
0.001174
2.7e-05
0.0001696
2.55e-05
0.0031156
0.0003419
0.0002042
0.0001585
0.0001654
7.13e-05
0.0002411
0.003193
7.97e-05
6.03e-05
0.0004452
0.0005664
0.0007254
4.11e-05
0.000448
0.0003386
0.0008359
0.0004569
0.0006465
0.0004353
0.0025626
1.22e-05
0.0006376
0.0001986
4.39e-05
0.0004179
0.0002892
0.0009597
2.69e-05
0.0012519
0.0001107
0.000139
0.0001671
0.0002538
0.000154
0.0042196
0.0006588
3.96e-05
0.0035481
0.0009908
0.0053523
0.0001196
0.0037205
0.0038751
0.0009227
5.58e-05
0.0011912
0.0037297
0.0009055
0.0012882
0.0008258
2.55e-05
0.0026682
0.0022654
0.0009494
0.0004732
0.0001488
1.2e-05
4.7e-05
0.0020894
0.0001503
0.0003437
0.0006347
0.0004484
0.0003511
0.0003708
0.000775
0.0019075
2.74e-05
0.0012922
0.0038758
6.9e-05
0.001346
0.0001561
0.0004291
0.0006413
0.0001474
0.0001597
0.0006667
0.0040807
0.0043526
0.0039355
0.0003249
0.0008259
2.55e-05
0.0062454
0.0038914
2.4e-05
0.0043588
0.0043894
0.0033957
0.003416
4.75e-05
0.0007393
0.0080524
1.54e-05
0.0042338
0.000365
0.0016627
0.0015356
1.82e-05
0.0018091
0.000223
0.0022908
0.0018625
0.0005478
0.0105612
0.0001097
0.0008389
0.0015385
0.0065632
0.0066746
0.0003429
0.0001738
0.0003704
0.000782
0.006565
5.76e-05
0.0001726
7.04e-05
0.0007123
3.62e-05
0.0009429
0.022981
0.0031835
0.0003948
0.0016318
0.0008118
0.0162313
0.0008096
0.0039456
0.0007189
0.0006403
0.0004602
0.0047009
0.0065514
3.4e-05
0.0064746
0.0007569
0.0026397
0.0015196
3.98e-05
0.0002621
0.0001191
0.0006746
0.0010357
0.0030469
0.0026006
2.24e-05
0.0012574
0.0005244
0.0020334
0.0007953
0.000825
0.0122743
0.001438
0.0032026
0.0012773
0.0001196
0.0018998
3.7e-05
0.0005216
0.0004695
0.0011695
0.0001173
0.0045491
0.0035925
0.0003241
0.0002432
6.2e-05
0.0005546
0.0069824
0.0016319
0.0007182
0.000785
0.0002876
0.0036783
0.0025128
0.0002827
0.0007159
0.0019494
0.0004967
0.0001267
0.0013766
0.0039661
0.0066162
0.0003672
0.0013759
0.0013528
0.0070499
0.0027207
0.0002657
0.0006011
0.0030635
0.006319
0.0021585
0.0010011
0.0011569
0.0007689
0.001745
0.0069353
0.0011752
0.0024524
0.0011003
0.0041221
0.0022884
0.0012058
7.52e-05
0.0045468
0.001707
0.0013839
0.0002202
0.0013947
0.0004458
0.005382
1.72e-05
0.0045395
0.0002324
0.0001432
0.0023296
0.0032651
0.0025516
0.0047844
0.0007708
0.0001533
1.84e-05
0.0060302
0.0012757
0.0025275
0.0042507
0.0001535
4.3e-05
0.0003213
0.0015254
3.82e-05
1.42e-05
0.0016329
0.0036674
0.0003169
0.0001582
0.0009148
0.0038572
0.0023999
0.0009561
0.000137
3.91e-05
0.0002979
6.03e-05
0.0002411
0.0003632
0.0021574
0.0002788
6.66e-05
0.0005917
0.0013606
0.0004923
0.0015525
9.14e-05
0.0039854
0.0004852
0.0005576
0.0001697
0.0042845
6.8e-05
0.0027304
0.0015121
0.0013618
4.15e-05
0.0002935
0.0009567
0.0002363
0.0010248
0.0056475
2.19e-05
0.000706
8.14e-05
0.0004311
0.001336
0.0004119
0.0026905
0.0038201
0.0006912
2.45e-05
6.4e-05
0.0001362
0.0001181
7.87e-05
7.96e-05
0.0003957
0.0003551
0.0001931
0.0029759
0.0038951
0.0001638
2.8e-05
6.94e-05
2.78e-05
0.0002183
1.28e-05
3.81e-05
7.75e-05
8.17e-05
0.0011804
8.12e-05
9.92e-05
7.11e-05
5.78e-05
0.0009911
0.0029052
2.62e-05
7.74e-05
0.0001404
0.0001737
2.54e-05
0.0017812
2.85e-05
0.0003487
1.37e-05
7.47e-05
0.0004611
3.95e-05
0.0002803
0.0003537
0.0040593
2.38e-05
7.12e-05
1.4e-05
0.0011875
0.0001381
0.000686
0.000528
0.0001478
0.0007563
0.000142
0.0002679
0.0083854
0.0004354
0.0002966
0.0029226
0.000683
0.0005939
0.0009611
1.28e-05
0.0007152
2.82e-05
0.0002396
0.0003264
0.0016681
0.0024375
0.0005243
0.008895
2.55e-05
0.0040531
0.0008878
0.00018
0.0016691
0.0002491
0.0001302
2.76e-05
0.000198
0.0001035
0.0004671
2.47e-05
0.000986
0.0011304
0.0098772
0.000501
0.0006192
0.0003391
0.0009661
0.0008303
0.0006776
0.0039944
0.0003403
0.0026066
1.31e-05
0.0003271
0.0004964
0.0006803
0.0003962
0.0007637
0.0001989
0.0019038
0.0006769
0.0009089
0.0001525
0.0015522
0.0048834
0.0074814
0.0025021
0.0004089
0.0014037
2.53e-05
0.0016434
0.0008194
0.0004619
0.0007516
2.62e-05
0.0009446
0.0002718
4.18e-05
0.0040897
2.38e-05
0.0001211
0.0006267
0.0040213
0.0043265
0.000715
1.38e-05
0.0001442
4.91e-05
3.87e-05
0.0004239
0.0025108
0.000186
0.004035
0.0005918
0.000292
0.0008906
0.0001007
0.0003095
0.0012332
0.0005876
0.000339
0.0003485
0.0003384
0.0003855
0.0001798
0.0042002
9.85e-05
0.0004241
8.89e-05
0.0016031
4.72e-05
0.0001309
0.0005431
0.0011525
1.29e-05
8.58e-05
9.92e-05
0.0008668
0.00038
0.0003189
0.0038206
0.0009523
0.0013184
0.003032
0.0001037
0.0012188
0.0054519
0.0041364
0.0008886
0.0003852
0.0003838
0.0007342
0.00055
0.0116282
0.0003567
0.0003873
0.0042808
0.0005139
0.0031619
0.0008305
0.0003109
0.000805
0.0025958
0.0033498
0.0031349
0.0002163
0.0012624
0.0009535
0.0004918
0.0015574
0.00051
0.0023083
0.0007785
0.0097999
0.0009067
0.0106047
0.0014634
0.0058351
0.000162
0.0013318
6.08e-05
0.0010639
0.0001332
0.0004956
0.000268
0.0020551
0.0015216
0.0003199
0.0015043
0.0002469
0.0057905
0.0034107
0.0066127
0.0009811
0.002294
0.0004949
0.0066943
0.0036948
0.0002421
0.0022282
0.0106873
0.0013774
0.0022933
0.0075767
0.0007793
0.0002022
0.0008194
0.0008041
0.0011707
8.19e-05
0.0009735
0.0015888
0.0044565
0.0005425
0.0001328
0.0023939
0.0041752
0.0024235
0.0013903
6.07e-05
0.0006662
0.0016278
0.0028914
0.0017056
0.0038413
0.002123
3.45e-05
0.0005302
0.0014223
0.0003776
0.0011581
0.0015209
0.0025097
0.0002007
0.0050867
6.66e-05
0.0022108
0.0001035
7.22e-05
3.75e-05
3.78e-05
0.0006384
0.0005256
0.0009693
0.0006931
0.0007002
0.0001232
0.0015315
0.0004494
5.91e-05
0.0001752
0.0109916
0.000196
0.0002793
4e-05
7.86e-05
3.04e-05
0.0043518
0.0043133
0.0010554
0.0006382
0.0005365
0.0007393
0.0009138
0.0021451
0.0042913
2.05e-05
1.72e-05
0.0036206
0.0024781
0.0015789
2.03e-05
0.00138
0.0003805
0.000291
0.0009061
0.0014687
0.0132463
0.0011543
0.0001546
0.0035664
0.0024772
0.0011688
0.0132526
0.0012645
0.0003456
0.000117
0.0001666
0.0007711
0.0010497
0.0026596
0.002266
0.0039
0.001352
6.63e-05
3.98e-05
0.0002003
0.0002703
7.34e-05
0.0011853
0.0001276
0.0014397
0.0105074
0.0129027
0.0002139
0.0001129
0.0005561
0.0009037
0.0087044
0.0012794
5.65e-05
0.0003556
0.0007024
0.0001245
7.04e-05
7.01e-05
0.0094435
0.000166
0.0041468
0.0014992
0.0068958
0.0001117
0.0013408
6.77e-05
0.0014673
0.0053668
0.0137645
0.0005831
0.0031847
609.981
