0.0003177
0.0084412
0.000512
7.15e-05
0.0006887
0.0001832
0.0018887
3.97e-05
0.0063435
0.0006727
0.002334
0.0005945
0.0011506
0.0001077
0.0002058
0.0063822
0.0001695
0.0064495
0.0007806
0.0024151
0.0001809
0.0002137
0.0016646
2.05e-05
0.0010094
0.0011423
0.001172
0.000117
0.0007923
4.01e-05
0.00159
0.0020741
6.17e-05
0.0036803
0.0026765
1.88e-05
0.0079185
0.0005782
0.0001936
0.0005438
3.99e-05
0.0001129
0.0038821
0.0006844
0.0045061
0.003784
0.0013424
0.0050748
0.0006894
0.0002877
0.0010305
0.0059615
0.0009381
0.0001618
0.0024678
0.0020264
0.0025405
0.0001296
0.007125
0.0010868
0.0017325
3.85e-05
0.0010352
4.02e-05
0.006769
0.0055785
5.56e-05
0.0016258
3.66e-05
0.0063563
0.0001005
0.000132
0.005974
0.000661
0.0001306
0.0077584
0.0014542
0.0001969
0.0047858
0.0004914
0.0036012
7.33e-05
6.19e-05
0.0001199
0.0009935
0.0004418
1.96e-05
0.0004915
0.0002577
0.0009948
0.0002369
0.0005002
0.0006708
0.0002561
0.0032218
0.0134923
0.0024922
0.0002211
0.0001658
0.0001235
0.0009301
0.0002877
0.0002991
0.0007275
0.0006967
0.0011538
0.000933
0.0001426
0.0005574
0.000199
0.0003284
0.000116
0.0013952
0.0001725
0.0006514
0.013557
0.002907
0.0027946
0.0003756
0.0005578
8.2e-05
0.00272
0.0063664
0.0001343
0.0044745
0.0004159
0.0025165
0.000792
1.93e-05
0.0064403
0.0051158
0.0009057
0.0009702
8.49e-05
0.0025893
0.0001591
0.0001093
0.0001934
0.0002212
0.0002491
0.0002554
0.0012322
3.67e-05
0.0001801
0.0004845
0.00067
0.000494
0.001154
0.0002346
0.0002213
0.0001401
0.0010033
0.0007199
0.0004887
0.0014611
3.69e-05
0.0054972
0.0002105
0.0026865
0.0062843
3.57e-05
0.0002669
3.84e-05
0.0011045
0.0005698
0.0003257
0.0038352
3.78e-05
0.0022571
0.0001806
0.0007699
5.5e-05
4.04e-05
0.0007777
0.0025547
0.0001687
1.7e-05
0.0007497
0.0004954
0.0025233
0.0003391
0.0001108
0.0006739
0.0048856
0.0025706
0.0062896
0.0063034
0.0062042
0.0003399
0.0002909
0.0018579
0.0009242
0.0005668
0.0033932
0.0001433
0.0007176
0.0006744
0.0004009
6.26e-05
9.74e-05
0.0019862
6.83e-05
0.000358
0.0037724
0.0013747
0.001001
6.08e-05
0.0005367
0.0009359
0.0005039
0.0085815
0.0001395
0.0023479
0.0001354
0.0035319
3.68e-05
0.0057003
0.0009321
0.0013189
0.0013727
0.0007929
0.0022711
0.001084
0.0007632
0.0010992
0.0002474
0.0001968
0.0062959
0.0005142
1.99e-05
0.0010184
0.0010333
0.0002306
1.94e-05
5.86e-05
0.0057854
1.96e-05
0.0001969
0.0006059
0.0006772
0.0009326
0.0096224
0.0026759
0.0006888
0.0020392
0.000646
0.0005435
0.0002315
0.000149
0.0022328
0.0002597
1.94e-05
0.0009773
0.0007786
0.000378
0.0006921
0.0016457
0.0001373
0.0035086
0.0064757
0.0005387
0.0001148
0.0007029
0.0010249
0.0004857
0.0002578
0.0011488
0.0060407
0.0009803
0.0064
0.0029248
0.0024211
0.0062842
0.0012514
0.000386
0.0072485
0.0003505
0.0013639
2e-05
0.0006791
0.0062101
0.0066173
0.0006641
0.0011248
0.0006754
0.0002218
0.0001974
0.0061156
9.68e-05
0.0001474
0.0062832
0.0009666
0.0065344
0.0010053
0.0001593
0.0001851
7.45e-05
0.0012302
1.96e-05
6.68e-05
3.56e-05
0.0061463
0.0009504
0.0003194
0.0019488
0.001156
0.0009702
0.0008381
0.0068563
0.0037038
0.0005431
0.0007012
0.0018388
0.0005168
0.0005412
0.0015928
0.0007165
0.0012546
0.0062409
0.002476
0.0010753
4.9e-05
0.0019157
0.001072
0.0013371
0.0068669
0.0005271
0.0003244
0.0026594
0.004924
0.0007835
0.0011443
0.0007017
0.0028922
0.000118
0.0015567
0.0003586
0.0113386
0.0002032
0.0002564
0.0058353
3.86e-05
0.0011888
0.0033112
0.0009552
0.001499
0.0007211
0.0001117
0.0009668
0.0015762
0.0059582
0.0014507
0.0010319
0.0029417
1.92e-05
0.0018602
0.0010873
0.0063014
0.0002371
0.0005389
0.0001369
0.0009577
0.0010023
0.0003864
0.001711
3.67e-05
0.0005526
3.93e-05
0.0046984
0.0004829
0.0002901
0.0002626
0.0002572
0.0001166
0.0003862
0.004311
0.0001116
9.47e-05
0.0007723
0.0007645
0.0009355
5.73e-05
0.0006867
0.0004813
0.0012247
0.0006735
0.001114
0.0006919
0.0037329
1.94e-05
0.0010038
0.000311
6.26e-05
0.000719
0.0004604
0.0015209
4e-05
0.0018152
0.0001633
0.0003281
0.0002943
0.0003862
0.0002321
0.0063048
0.0010069
5.75e-05
0.0056771
0.001514
0.0077437
0.0002303
0.0051419
0.0061441
0.0014331
8.32e-05
0.0019751
0.0062768
0.0022169
0.0019903
0.0013018
3.76e-05
0.0078902
0.0033057
0.0016133
0.001544
0.0002198
3.7e-05
7.73e-05
0.0021815
0.0002198
0.0006805
0.0011232
0.0007218
0.0005397
0.000541
0.0010346
0.0029414
3.79e-05
0.0020596
0.0063313
0.0001025
0.0020647
0.0005213
0.0007254
0.001035
0.0002118
0.0002426
0.0011483
0.0064496
0.0062898
0.0062844
0.0005257
0.0013155
3.92e-05
0.0170436
0.0064666
3.96e-05
0.0063411
0.0063657
0.0053486
0.0031025
6.36e-05
0.0010322
0.0032632
1.96e-05
0.0040586
0.0003326
0.0014494
0.001284
3.17e-05
0.001061
0.0001117
0.0011527
0.0018232
0.0005366
0.0099146
0.0001061
0.0004959
0.0007436
0.0060558
0.0050631
6.58e-05
8.85e-05
0.0003613
0.0004841
0.0061966
5.72e-05
0.0001316
3.94e-05
0.0008259
3.54e-05
0.0006515
0.0128019
0.003998
0.0003596
0.0011562
0.0007935
0.0061607
0.0007891
0.0037308
0.0014431
0.0005431
0.0002196
0.0030041
0.0062851
3.38e-05
0.0072113
0.0004804
0.0025766
0.00157
3.91e-05
0.0002529
0.0001165
0.0006567
0.0010239
0.0030046
0.0013376
1.98e-05
0.0012299
0.0005589
0.0019474
0.0006795
0.0007488
0.0137821
0.0011389
0.0045889
0.0006592
7.15e-05
0.0018572
3.63e-05
0.0005071
0.000457
0.0011865
0.0001165
0.0038071
0.0019449
0.0003514
0.0002408
6.21e-05
0.000542
0.0047061
0.0016171
0.0008327
0.000709
0.0002811
0.0031364
0.0020903
0.0002779
0.0007265
0.0009984
0.0004796
0.0001233
0.0009998
0.0029715
0.0076215
0.0003565
0.0007351
0.0011415
0.0063814
0.00264
0.0002727
0.0002998
0.002977
0.0045195
0.0009689
0.0009729
0.0011411
0.0007629
0.001674
0.0038189
0.0011389
0.0023774
0.001083
0.0042284
0.0024899
0.0010792
9.44e-05
0.0044328
0.000932
0.0013598
0.000218
0.0013633
0.0002228
0.0051646
1.71e-05
0.002294
0.0002273
0.00014
0.0020185
0.0031199
0.0019841
0.0049216
0.0007409
0.0001479
1.84e-05
0.0063213
0.0004963
0.0024758
0.0062848
0.000221
6.2e-05
0.000484
0.0024198
5.91e-05
2e-05
0.0028244
0.0062726
0.000542
0.000223
0.001473
0.0063544
0.0036318
0.0015883
0.0002387
5.84e-05
0.0004988
8.2e-05
0.0003843
0.0004849
0.0027399
0.0005349
5.08e-05
0.0009691
0.0021495
0.0009005
0.0023184
0.0001317
0.0063492
0.0007453
0.0009384
0.0002604
0.0146427
0.0001085
0.0041844
0.0024345
0.0016076
6.59e-05
0.0004995
0.0014974
0.0004812
0.0014428
0.009545
3.39e-05
0.0010957
0.000129
0.0007458
0.0020718
0.000672
0.004563
0.0061672
0.0010579
3.64e-05
0.0001119
0.0002232
0.0002
0.00012
0.0001597
0.0006697
0.0006095
0.0003339
0.0082141
0.0063187
0.0002559
3.69e-05
0.0001256
5.85e-05
0.0003848
2.43e-05
5.8e-05
0.0001446
0.0001126
0.0019498
0.000123
0.0001954
0.0001184
9.18e-05
0.0014919
0.0042889
3.86e-05
0.0001138
0.0002259
0.0002682
3.98e-05
0.0029829
3.94e-05
0.0005276
1.94e-05
0.00011
0.0007282
5.5e-05
0.0005837
0.0005862
0.0062881
3.68e-05
0.0001134
1.98e-05
0.0017993
0.000234
0.0006993
0.0007939
0.0001942
0.0010876
0.000217
0.0004062
0.0132839
0.0007103
0.0004519
0.0045053
0.0010239
0.0009763
0.0015625
1.85e-05
0.0010405
4.32e-05
0.0003572
0.0004704
0.0025569
0.0039454
0.0009966
0.0126921
3.59e-05
0.0063675
0.0014521
0.0004
0.0029142
0.0003615
0.0003651
3.93e-05
0.0001246
0.0002694
0.0006708
3.91e-05
0.0015021
0.0020304
0.0127138
0.0006723
0.0007768
0.000476
0.0014548
0.0010988
0.0009951
0.0058169
0.0004181
0.0041128
2.03e-05
0.0004913
0.0006914
0.0010128
0.0005409
0.0011181
0.0003297
0.0029292
0.0009679
0.0014258
0.000203
0.0037319
0.0076464
0.0162413
0.0036707
0.0006936
0.0021671
3.84e-05
0.002561
0.0011271
0.0006697
0.0011159
3.66e-05
0.0010037
0.000434
5.51e-05
0.0062958
3.69e-05
0.0001787
0.0009767
0.0062798
0.0063883
0.0009576
1.96e-05
0.0002578
7.29e-05
6.32e-05
0.0007372
0.003317
0.000261
0.0087925
0.0009547
0.0004414
0.0013176
0.0001199
0.0004956
0.0018313
0.0009848
0.0005275
0.0005457
0.0005008
0.0005533
0.0002864
0.0062636
0.0001624
0.0007285
0.0001135
0.0026467
6.92e-05
0.0001809
0.0007993
0.0018076
1.64e-05
0.0001283
0.0001453
0.0013502
0.0005324
0.0004998
0.0062472
0.0016327
0.0018866
0.0084798
5.88e-05
0.0018522
0.0084564
0.0062936
0.0013162
0.0006691
0.0005363
0.0005297
0.0005473
0.0063333
0.0002916
0.0003787
0.0020546
0.0002613
0.0015799
0.0007738
0.0009456
0.0003556
0.0009752
0.0032254
0.0023916
0.0001502
0.0010313
0.0014002
0.0004763
0.0010381
0.0002551
0.001153
0.0007533
0.0094372
0.0004814
0.0058427
0.0017362
0.0055642
0.0001456
0.0011483
5.96e-05
0.0004866
0.0001312
0.0004843
0.000259
0.0019817
0.0014834
0.0001682
0.0007635
0.0003512
0.0056679
0.003338
0.0062782
0.0004975
0.0010056
0.0004884
0.0044467
0.0024461
0.0002055
0.0021852
0.0063213
0.0016449
0.0010786
0.0041545
0.0005386
0.0001974
0.0004863
0.0006735
0.0010726
7.98e-05
0.0006802
0.0014894
0.0021162
0.0005246
0.00013
0.0023385
0.0023615
0.0023521
0.0007073
5.68e-05
0.0006542
0.0016074
0.0014466
0.001474
0.0019401
0.0015057
3.38e-05
0.0005121
0.0013775
0.0003343
0.001088
0.0013493
0.002491
0.0001957
0.0049309
6.52e-05
0.0024631
0.0001006
7.05e-05
3.51e-05
3.68e-05
0.0005397
0.0005119
0.0003854
0.000677
0.0008255
0.0001198
0.0010453
0.0002765
7.97e-05
0.000111
0.0062942
0.0001806
0.000114
3.86e-05
7.57e-05
1.97e-05
0.0065051
0.0042143
0.0016181
0.0005872
0.0004869
0.0007335
0.000716
0.0010599
0.0042561
2e-05
1.7e-05
0.0026268
0.0024601
0.0016916
2.02e-05
0.0013398
0.0003335
0.0001011
0.0004535
0.0015235
0.0062284
0.0005788
5.78e-05
0.0026221
0.0025284
0.0011451
0.0062866
0.000733
0.0001976
6.67e-05
0.0001624
0.0003831
0.0010236
0.0013522
0.001139
0.0037107
0.0013267
6.59e-05
3.87e-05
0.0001953
0.0002477
3.68e-05
0.0011503
0.0001242
0.0007378
0.0064292
0.0103998
0.0002127
0.0002986
0.0005435
0.0005156
0.0064032
0.001178
5.51e-05
0.0003648
0.0006857
0.0001347
6.78e-05
3.53e-05
0.0060556
0.0001748
0.0021237
0.001546
0.0062876
0.0001072
0.0013253
6.62e-05
0.001441
0.0042212
0.0138409
0.000231
0.0049398
366.504
