0.0039371
0.0019674
0.0006175
4.76e-05
0.0007212
0.0001303
0.0041931
3.1e-05
0.0104489
0.0014126
0.0025773
0.0005939
0.0012399
0.0001246
0.0001129
0.0051404
0.0001796
0.0121399
0.0007595
0.0050583
7.91e-05
0.0001534
0.0035389
0.0011794
0.0021682
0.0006939
0.0024401
0.0001056
0.0016316
2.6e-05
0.001264
0.0015589
6.79e-05
0.004683
0.0054486
2.35e-05
0.0130484
0.0006911
0.0002081
0.001145
2.84e-05
6.8e-05
0.0021633
0.0006048
0.0042106
0.0038946
0.0016542
0.0064733
0.000744
0.0001736
0.0007872
0.0060277
0.0010036
7.24e-05
0.0018239
0.0015657
0.0028011
9.42e-05
0.0068606
0.0010166
0.0014557
2.72e-05
0.0007601
2.86e-05
0.0036228
0.0063802
3.26e-05
0.0012538
2.7e-05
0.0065743
0.0001065
0.0001417
0.0062412
0.0014659
0.0001429
0.0066439
0.001228
0.0001532
0.0043756
0.0005344
0.0063445
8.17e-05
6.64e-05
8.68e-05
0.0007088
0.0003433
2.35e-05
0.0010442
0.0001912
0.0012006
0.0001644
0.0010677
0.0007324
0.0001659
0.0011845
0.0032454
0.0026452
0.0001083
0.0001028
7.99e-05
0.00102
0.0001825
0.0003463
0.0008907
0.0007636
0.0021684
0.0016225
0.0001482
0.0005799
0.0001204
0.000137
0.0001226
0.0009586
0.0001874
0.0005718
0.0068672
0.0022532
0.0028058
0.000151
0.0001308
8.81e-05
0.0028684
0.0066856
0.0001551
0.0041219
0.0004539
0.0030535
0.0016838
2.23e-05
0.0063992
0.0027206
0.0007291
0.0008361
5.32e-05
0.004823
0.0001732
0.0001198
9.54e-05
0.0001347
0.000265
0.0001862
0.0012058
0.0002154
8.76e-05
0.0010593
0.0009682
0.0005425
0.0023686
0.0001453
0.000231
9.86e-05
0.001066
0.0009899
0.0005383
0.0009644
2.75e-05
0.0035075
8.29e-05
0.0030701
0.0069379
2.71e-05
0.0001889
3.14e-05
0.0012014
0.0006265
0.0003732
0.0040807
2.71e-05
0.0014367
7.86e-05
0.0011077
2.63e-05
2.77e-05
0.001569
0.0033597
0.0001363
1.89e-05
0.0016584
0.0005403
0.0014753
0.0001372
7.98e-05
0.0007681
0.004964
0.0027032
0.0088044
0.0065783
0.0065035
0.0002767
0.0001943
0.0017257
0.001207
0.0008213
0.0027331
0.0001545
0.0015309
0.0008279
0.0003082
6.78e-05
0.0001028
0.0020961
7.63e-05
0.0005352
0.0043109
0.0008632
0.0012207
6.78e-05
0.0011781
0.0010086
0.0001556
0.006356
0.0001451
0.0025269
0.0001484
0.0035212
2.55e-05
0.0115775
0.0007943
0.0021655
0.0014435
0.0008661
0.0023967
0.0007793
0.0007484
0.0017519
0.0003898
9.09e-05
0.0086461
0.0005687
2.27e-05
0.001072
0.0013129
0.0001491
2.18e-05
2.62e-05
0.0063062
2.34e-05
0.0001024
0.000411
0.0005935
0.0015374
0.0052084
0.002826
0.0007698
0.0021512
0.000596
0.0010963
0.0001388
7.84e-05
0.0019236
0.0003336
2.11e-05
0.0010432
0.0003684
0.000464
0.0007581
0.0017138
0.0001507
0.0037115
0.0096311
0.0011951
0.0001266
0.0014156
0.001111
0.0007702
0.000184
0.0012201
0.0065573
0.0006134
0.0069136
0.0031182
0.005002
0.0138318
0.0023559
0.0003602
0.0068414
0.0003419
0.0015845
2.51e-05
0.0007402
0.0065132
0.0093854
0.0014231
0.0012042
0.0009194
7.92e-05
0.0001178
0.0067858
2.71e-05
0.0001592
0.0067492
0.0007339
0.0092608
0.0008293
0.0002053
7.95e-05
8.16e-05
0.0010392
2.31e-05
2.46e-05
2.46e-05
0.0093235
0.0010427
0.0001908
0.0008177
0.0012348
0.0007093
0.0004868
0.0081869
0.0039648
0.0011579
0.0007648
0.0019701
0.0008544
0.0006103
0.0011368
0.0006173
0.0004345
0.0126831
0.0040621
0.0011592
2.49e-05
0.0020229
0.0008209
0.000801
0.0035948
0.0006822
0.0003399
0.0028714
0.0053657
0.0005701
0.0012754
0.0010898
0.0015206
0.0001292
0.0009868
0.000211
0.0059942
0.0002331
0.0001525
0.0060663
2.94e-05
0.0029199
0.0049426
0.0020915
0.0015828
0.0014513
0.00012
0.0007624
0.0010089
0.0100052
0.0014982
0.0007123
0.0017317
2.3e-05
0.0019766
0.0013845
0.0066111
0.0001474
0.0011549
0.0001476
0.0010343
0.0007581
0.0003927
0.0007668
2.6e-05
0.0001901
2.46e-05
0.0076285
0.0008921
0.000172
0.0002905
0.000179
0.0001271
0.0005006
0.0048712
7.23e-05
0.0001281
0.0007249
0.000819
0.0007004
2.69e-05
0.0007455
0.0005518
0.0012389
0.0009173
0.0009003
0.0007509
0.0020867
2.43e-05
0.0010697
0.0002009
6.58e-05
0.0010283
0.0006566
0.0010767
3.3e-05
0.0019219
0.000181
0.0001469
8.33e-05
0.0001624
0.0001517
0.0063716
0.0016715
3.16e-05
0.0061893
0.0011765
0.0042084
8.12e-05
0.0054261
0.0069637
0.0008843
6.25e-05
0.001954
0.0076965
0.0011237
0.0021443
0.0016252
2.72e-05
0.0045542
0.003476
0.0007882
0.0006488
0.0001334
8.9e-05
6.92e-05
0.0015526
0.0001376
0.0002886
0.0007336
0.0006285
0.0004201
0.0003691
0.0007821
0.0017988
0.0015479
0.0021745
0.0069826
0.0001151
0.0022395
0.0001833
0.000805
0.001102
0.0002279
0.0002707
0.0007779
0.0106888
0.0066306
0.0066488
0.0005759
0.0008079
3.31e-05
0.0050896
0.0071547
2.98e-05
0.0076827
0.0066006
0.00559
0.0032643
6.77e-05
0.0007194
0.0043999
2.39e-05
0.0042699
0.0003429
0.0015425
0.0017499
2.14e-05
0.0011424
0.0001196
0.0019669
0.0021165
0.0005965
0.0061366
0.000115
0.0005486
0.0004359
0.0077993
0.0053347
7.15e-05
9.4e-05
0.0003917
0.0003622
0.0019469
6.16e-05
9.08e-05
4e-05
0.0007911
2.46e-05
0.0008361
0.0069008
0.0033282
0.0003751
0.0009366
0.000878
0.0082341
0.0008477
0.0038909
0.0007491
0.0006072
0.0001536
0.0031546
0.0047744
2.36e-05
0.0073742
0.0008276
0.003341
0.0016695
2.84e-05
0.0001853
0.0001248
0.0008423
0.0007187
0.0027952
0.0009445
2.35e-05
0.0013733
0.000422
0.0012213
0.0009229
0.0008023
0.0064145
0.0012142
0.0017686
0.0007202
2.59e-05
0.0021954
2.54e-05
0.0005144
0.0002913
0.0023955
0.0001245
0.0021818
0.0015585
0.0001723
0.0002694
6.83e-05
0.000599
0.0087745
0.0012894
0.0014522
0.0007606
0.0001721
0.0049513
0.0009974
0.000162
0.0007525
0.0009892
0.0005574
0.0001418
0.0009399
0.006069
0.0094026
0.0002607
0.0008077
0.0023611
0.0066958
0.0023793
0.0003215
0.000337
0.0036146
0.0084148
0.0007362
0.0010607
0.0006892
0.0015821
0.0018977
0.0075068
0.0007248
0.0016956
0.0010775
0.0027494
0.0023727
0.000816
2.67e-05
0.0028385
0.0008542
0.0015811
0.0002017
0.000932
0.0001498
0.0053677
2.07e-05
0.0017619
0.0001548
0.0001478
0.0014544
0.0035213
0.0012232
0.0049657
0.0008219
0.0001252
2e-05
0.0090752
0.0005421
0.0026258
0.0109392
0.0002652
6.66e-05
0.0006915
0.0046227
4.71e-05
2.18e-05
0.0009624
0.0127257
0.0005047
0.0001338
0.0015556
0.0098945
0.0038114
0.0019098
0.0001577
2.62e-05
0.0005463
5.41e-05
0.0003419
0.0005301
0.0009536
0.0010463
2.95e-05
0.001125
0.0013359
0.0007675
0.0025483
0.0001406
0.0094
0.0013692
0.0006581
8.82e-05
0.0130584
0.0001184
0.0043965
0.002702
0.0016907
9.27e-05
0.0005448
0.001132
0.0004016
0.0009951
0.0051549
2.58e-05
0.0013656
8.47e-05
0.0007356
0.0008744
0.0008256
0.0056201
0.0103612
0.0011492
2.41e-05
0.0001222
0.0002388
8e-05
7.46e-05
7.79e-05
0.0014132
0.0004458
0.0002333
0.0051372
0.006848
0.000154
2.62e-05
0.0001334
2.58e-05
0.0001563
2.1e-05
2.62e-05
0.000118
0.0001182
0.0038907
8.62e-05
0.0001354
0.0001251
9.35e-05
0.0030536
0.008841
3.65e-05
7.65e-05
9.32e-05
0.0001581
3.05e-05
0.0024143
2.9e-05
0.000486
2.44e-05
6.66e-05
0.0008183
2.87e-05
0.0002614
0.0008182
0.0137063
2.71e-05
7.05e-05
2.35e-05
0.0035419
0.0001288
0.0015369
0.0016561
0.0001203
0.0007585
0.0001318
0.0004836
0.011931
0.000749
0.000395
0.003812
0.0010331
0.0006768
0.0009229
2.27e-05
0.0011171
2.97e-05
0.0002879
0.0005209
0.0037088
0.0048439
0.0008655
0.0067715
2.6e-05
0.0067057
0.0009216
0.0001976
0.0038818
0.0002793
0.0001283
2.48e-05
0.0001288
9.22e-05
0.0011657
4.47e-05
0.0007183
0.0018148
0.0086318
0.0007386
0.0007048
0.0005371
0.0018082
0.0011887
0.0008814
0.0073026
0.0005475
0.0097854
2.5e-05
0.0008082
0.0007642
0.0011109
0.0012511
0.0016213
0.0001393
0.0018516
0.000688
0.0012335
0.0002195
0.0023565
0.0065207
0.0106894
0.0272325
0.0007514
0.0012609
2.85e-05
0.0029737
0.0007997
0.0018409
0.001234
3.12e-05
0.0006511
0.0003121
3.07e-05
0.0086784
3.24e-05
8.49e-05
0.0006948
0.0066151
0.0086253
0.0012153
2.37e-05
0.0001622
2.77e-05
2.8e-05
0.0007817
0.0035454
0.0001005
0.0072679
0.0012229
0.0003615
0.0011187
7.52e-05
0.000549
0.0021843
0.0006271
0.000565
0.0006025
0.0006169
0.0007659
0.0001977
0.0080933
0.0001752
0.0007869
0.0001274
0.0029484
7.96e-05
0.0001944
0.0008881
0.0024535
2.16e-05
0.0001444
9.98e-05
0.0017251
0.0006936
0.001156
0.0063382
0.0020494
0.0044667
0.0045919
3.1e-05
0.0021529
0.0086984
0.0085973
0.0016978
0.0015503
0.0006115
0.0006106
0.0005993
0.0077737
0.0004245
0.000342
0.0024032
0.000173
0.0016798
0.0009916
0.000645
0.0003889
0.0008204
0.0023419
0.0025031
0.0001144
0.0015138
0.000749
0.0003926
0.0025122
0.0002879
0.0012742
0.0008131
0.0035696
0.0006265
0.0103081
0.0007672
0.0064494
0.0001004
0.0010679
3.31e-05
0.0006148
0.0001384
0.0006129
0.0003556
0.0034321
0.00264
0.0001787
0.0008429
0.0002558
0.0113357
0.0035521
0.0093559
0.0009621
0.0023695
0.0005604
0.0081478
0.0032708
0.000142
0.0012235
0.0068871
0.0008901
0.0008588
0.0044614
0.0007553
0.000124
0.0007749
0.0009994
0.00082
8.96e-05
0.0007733
0.0011535
0.0018362
0.0005284
0.0001018
0.0016483
0.0028052
0.002492
0.0007615
3.05e-05
0.0007611
0.0017582
0.0015353
0.0013224
0.0035116
0.0017017
2.71e-05
0.0006964
0.0012129
0.0001397
0.0009997
0.0009462
0.0025942
0.0001187
0.0055574
7.18e-05
0.0017325
0.0001087
4.51e-05
2.57e-05
2.56e-05
0.0011545
0.0005958
0.000307
0.000734
0.000776
7.71e-05
0.0008121
0.0001634
2.57e-05
0.00012
0.0072377
0.0001951
0.0001249
3.18e-05
8.12e-05
2.18e-05
0.0045215
0.0061909
0.001327
0.0006461
0.0011514
0.0008757
0.0008159
0.0012084
0.0064496
2.56e-05
1.78e-05
0.0035051
0.0027576
0.0021979
2.61e-05
0.0015869
0.0001379
0.0001087
0.0005246
0.0012698
0.0067848
0.0005947
3.01e-05
0.0029932
0.0035485
0.0015331
0.0104439
0.0007328
0.0001413
7.2e-05
0.0001008
0.0003867
0.0011042
0.0014366
0.0012104
0.0038012
0.0014097
8.09e-05
0.00013
0.0002157
0.0001378
2.42e-05
0.0012698
9.31e-05
0.0007872
0.0091258
0.006595
0.0002668
0.0001206
0.0006157
0.0011525
0.0074008
0.0012863
2.69e-05
0.0001133
0.0007649
0.0001788
7.4e-05
2.3e-05
0.0075501
0.000193
0.0009886
0.000868
0.0067741
0.0001177
0.0015411
7.34e-05
0.0009517
0.0039897
0.0112811
7.58e-05
0.0071422
737.959
