0.0042283
0.0055426
0.0003768
2.99e-05
0.0005256
7.63e-05
0.0014198
2.13e-05
0.0044498
0.0004489
0.0015804
0.0002915
0.000706
8.76e-05
7.9e-05
0.0052037
0.0001285
0.0051913
0.0005425
0.0015941
0.0003476
0.000547
0.001276
2.28e-05
0.0007738
0.0005812
0.0008496
0.0001178
0.0005103
0.0005195
0.0006602
0.0005333
4.69e-05
0.0022403
0.0016608
1.66e-05
0.0038022
0.0006049
0.0001409
0.0004457
1.89e-05
7.06e-05
0.0013143
0.0007114
0.0023575
0.0023995
0.0005452
0.0031696
0.0004576
0.0001162
0.0004521
0.0039087
0.0006512
5.14e-05
0.0009006
0.0008028
0.0017163
5.35e-05
0.0040869
0.0004032
0.0005306
1.93e-05
0.0004044
0.0001357
0.0022904
0.0035582
2.38e-05
0.0003636
1.54e-05
0.0042862
6.81e-05
9.97e-05
0.0041398
0.0005151
9.84e-05
0.0041978
0.0004892
7.04e-05
0.0028279
0.0003655
0.0023278
5.8e-05
6.43e-05
5.25e-05
0.0003768
9.08e-05
1.7e-05
0.0003622
0.0001732
0.0003932
0.0001158
0.0003427
0.0004522
0.0001965
0.0006658
0.0021171
0.0016961
5.89e-05
6.96e-05
4.91e-05
0.0006626
0.000113
0.0002284
0.0005172
0.0005162
0.0007109
0.0006486
0.0001009
0.0003784
8.01e-05
9.94e-05
0.0001248
0.0006348
0.0001301
0.0004987
0.0039759
0.0020316
0.001647
9.78e-05
8e-05
5.85e-05
0.0018154
0.004287
0.0001029
0.0016035
0.0001052
0.001516
0.0005201
1.63e-05
0.0036497
0.0017899
0.0007744
0.0005081
3.58e-05
0.0024322
0.0001188
0.0001002
6.91e-05
8.47e-05
0.0002185
9.8e-05
0.0004254
1.59e-05
4.56e-05
0.0003716
0.0004596
0.0003414
0.0008237
9.4e-05
0.0001504
5.84e-05
0.0007321
0.0005149
0.0003681
0.0007161
1.7e-05
0.0015268
5.29e-05
0.0016967
0.0040724
1.69e-05
0.0001034
1.82e-05
0.0005481
0.0004109
0.0001774
0.0026605
8.17e-05
0.0007979
5.79e-05
0.0005452
1.53e-05
1.61e-05
0.0005515
0.0018444
6.55e-05
1.38e-05
0.000561
0.0003796
0.0008317
6.87e-05
4.36e-05
0.0004618
0.0016033
0.002151
0.004021
0.0039997
0.0045187
9.22e-05
0.0001135
0.0010326
0.0006409
0.0004196
0.0012082
0.0001088
0.0005287
0.000476
0.0001336
4.62e-05
7.6e-05
0.0013572
4.89e-05
0.0001282
0.0024975
0.0005032
0.0013146
4.61e-05
0.0004281
0.0007049
9.72e-05
0.0031791
0.0001061
0.0016939
0.0001058
0.0018064
1.62e-05
0.0040841
0.0002743
0.0006696
0.000507
0.0005372
0.0015364
0.0004997
0.0005173
0.0005935
9.1e-05
5.29e-05
0.0039993
0.0003712
1.65e-05
0.0007237
0.0004948
8.9e-05
1.58e-05
1.89e-05
0.003776
1.57e-05
5.19e-05
0.0001416
0.0004242
0.0007222
0.0035849
0.0018752
0.0005072
0.0007929
0.0003874
0.0004119
8.36e-05
5.67e-05
0.0013728
0.0001057
1.62e-05
0.000364
0.000254
0.0002098
0.0004323
0.0012159
0.0001256
0.0023252
0.0043134
0.0004002
8.29e-05
0.0005595
0.000722
0.0004812
0.0001019
0.0010013
0.0037692
0.0003941
0.0044322
0.0020292
0.0014554
0.0042615
0.0007857
0.0001097
0.0043019
0.000207
0.0004703
1.55e-05
0.0004943
0.0043643
0.0046039
0.0006279
0.000792
0.000524
4.73e-05
0.0001004
0.0039646
1.65e-05
0.0001171
0.0042637
0.0004456
0.0038004
0.0005493
0.0001326
5.32e-05
5.71e-05
0.0005145
8.85e-05
1.71e-05
2e-05
0.0046146
0.0006977
0.000136
0.0004656
0.0008578
0.0003475
0.0003948
0.0041485
0.0026036
0.0003776
0.0005193
0.0012534
0.0003619
0.0003159
0.0007429
0.0003792
0.0001997
0.0041939
0.0018783
0.0003663
1.58e-05
0.0014439
0.0005301
0.0005723
0.0023459
0.0003894
0.000126
0.0018662
0.0034887
0.0002511
0.0008229
0.0004822
0.0006768
8.76e-05
0.0006625
0.0001415
0.0038436
0.0001528
0.0001286
0.0035783
8.95e-05
0.0008857
0.0026251
0.0006065
0.0010418
0.0005114
9.59e-05
0.0004076
0.0006583
0.0042931
0.0010237
0.0004135
0.0010163
1.45e-05
0.0013038
0.0007418
0.0041622
0.0002577
0.0004207
0.0001209
0.0006772
0.0004397
0.0001064
0.0004519
1.59e-05
0.0001108
1.81e-05
0.003343
0.0003747
0.0001106
0.0001807
0.0001336
9.17e-05
0.000154
0.0030182
5.9e-05
5.52e-05
0.00052
0.0006032
0.0003161
1.73e-05
0.0005701
0.0003874
0.000871
0.000508
0.0003532
0.0005523
0.0014113
1.57e-05
0.0008121
0.0001218
5.19e-05
0.0005242
0.0001756
0.000808
1.57e-05
0.0011825
0.0001174
8.86e-05
6.26e-05
0.0001192
9.58e-05
0.0042258
0.0007477
1.79e-05
0.0038572
0.0005079
0.0024317
6.45e-05
0.0037023
0.0042652
0.0005683
4.87e-05
0.0013979
0.0040632
0.0005296
0.001403
0.0006899
1.61e-05
0.0030445
0.0023659
0.0005034
0.0002876
0.0001099
1.54e-05
4.64e-05
0.0008457
8.32e-05
0.0001048
0.0003436
0.0002215
0.0002675
0.0002484
0.0004444
0.0013197
1.6e-05
0.0014868
0.0040335
8.99e-05
0.0008504
9.59e-05
0.0005532
0.0004453
0.0001439
0.0001681
0.0004156
0.0043391
0.0039612
0.0043697
0.0002653
0.0005745
2.39e-05
0.0031537
0.0046703
1.75e-05
0.0040577
0.0044109
0.0038315
0.0021442
0.0001128
0.0005817
0.0024968
2.21e-05
0.0037522
8.91e-05
0.0010316
0.0009077
1.45e-05
0.0007809
8.5e-05
0.0008271
0.0012867
0.0003791
0.0042709
8e-05
0.0003439
0.00022
0.0047324
0.0033731
5.19e-05
7.2e-05
0.0001454
0.0001278
0.0010692
5.88e-05
7.02e-05
1.79e-05
0.0004785
1.93e-05
0.0006804
0.0042167
0.0023121
0.000142
0.0004558
0.0005642
0.0039693
0.0005067
0.0026014
0.000543
0.0003693
8.44e-05
0.0019848
0.0043813
1.64e-05
0.0043308
0.0002437
0.0019026
0.0011154
2.26e-05
9.13e-05
7.95e-05
0.0004498
0.0004118
0.0018907
0.0006776
1.68e-05
0.0008951
0.0002823
0.0007822
0.000527
0.0005626
0.0041532
0.0008488
0.0010916
0.0005188
1.69e-05
0.0012559
1.56e-05
0.0004155
0.0002215
0.000837
8.34e-05
0.0012946
0.0008155
0.0001519
0.0002152
4.75e-05
0.0004093
0.0033521
0.0005026
0.0004969
0.0004444
0.0001011
0.0020246
0.000585
0.0001111
0.0005273
0.0004476
0.0003032
9.67e-05
0.0003454
0.0020183
0.0042881
0.0001398
0.0005359
0.0008597
0.004249
0.0009584
0.0001111
0.0002223
0.0020381
0.0033979
0.0004457
0.0006894
0.0004846
0.0005494
0.0011013
0.0027587
0.0004635
0.000884
0.0004929
0.0011594
0.0014654
0.0003773
6.54e-05
0.0017412
0.0003894
0.0004277
7.84e-05
0.0005245
0.0001657
0.0034901
1.34e-05
0.0005597
8.31e-05
0.0001022
0.0005944
0.0011408
0.0006458
0.0027015
0.0004764
8.63e-05
1.67e-05
0.0043889
0.0003576
0.0018358
0.0042762
0.0001368
4.8e-05
0.0003422
0.0015906
1.88e-05
1.44e-05
0.0006164
0.0039159
0.0003688
8.26e-05
0.0009601
0.0042675
0.0014
0.0010877
0.0001012
1.73e-05
0.0003962
3.13e-05
0.0001016
0.0003469
0.0011153
0.0004031
1.9e-05
0.0004119
0.0008453
0.0006907
0.0009582
9.36e-05
0.0040874
0.0005194
0.0004531
5.16e-05
0.0043802
8.43e-05
0.002991
0.0017345
0.0011741
4.7e-05
0.0003651
0.0004016
0.0001396
0.0006197
0.0037276
1.45e-05
0.0006186
5.57e-05
0.0004707
0.0006355
0.0005114
0.0028437
0.0041956
0.0007697
1.89e-05
8.33e-05
0.0001611
0.0001509
4.71e-05
4.7e-05
0.000486
0.0003089
0.0001431
0.0029297
0.0043772
9.8e-05
2.03e-05
9.33e-05
8.15e-05
0.0001008
2.05e-05
1.72e-05
8.23e-05
7.91e-05
0.0014096
4.94e-05
9.22e-05
9.54e-05
6.13e-05
0.0011726
0.0028172
1.7e-05
4.23e-05
6.31e-05
0.0001185
1.78e-05
0.0011384
1.67e-05
0.0001285
1.43e-05
4.26e-05
0.00059
1.79e-05
9.28e-05
0.0003629
0.0036851
1.61e-05
5.2e-05
1.58e-05
0.001262
0.0001324
0.0004911
0.0006049
8.22e-05
0.0004022
8.76e-05
0.0001398
0.0046433
0.0004809
0.0003558
0.0025037
0.000653
0.0004584
0.0004945
1.31e-05
0.0007746
1.78e-05
0.0001299
0.0003175
0.0018844
0.001852
0.00053
0.0041222
1.64e-05
0.0046121
0.0004892
0.0001106
0.001886
0.0001375
7.42e-05
1.71e-05
8.61e-05
6.22e-05
0.0004885
1.67e-05
0.0004437
0.0012381
0.0040266
0.0004682
0.0003806
0.0003762
0.0006101
0.0007588
0.0004422
0.0040914
0.0001817
0.0026387
0.0001241
0.0004068
0.000438
0.0007011
0.0003813
0.0004794
8.74e-05
0.0011528
0.0004198
0.000705
0.0001554
0.0014196
0.0028598
0.0043691
0.0013711
0.0005076
0.0004878
1.68e-05
0.0016133
0.0004412
0.0004811
0.0007766
1.98e-05
0.0007066
8.83e-05
1.57e-05
0.0043455
1.52e-05
5.26e-05
0.0004159
0.0045686
0.0044342
0.0007154
1.67e-05
9.27e-05
1.92e-05
1.65e-05
0.0005017
0.0022638
0.0001083
0.0043054
0.0003931
9.8e-05
0.0005674
4.37e-05
0.0004133
0.0016179
0.0004077
0.0003687
0.0004189
0.0003956
0.0004331
0.000136
0.0042657
0.0001192
0.0005093
0.0001171
0.0017086
5.23e-05
0.0001326
0.0005608
0.001247
1.35e-05
0.0001206
5.79e-05
0.000478
0.0003744
0.0004564
0.0043919
0.0011196
0.0018232
0.0028402
1.72e-05
0.0011885
0.0028029
0.0042019
0.0005062
0.0004494
0.0003959
0.0004062
0.0004094
0.0040336
0.0001124
0.0001273
0.0007444
0.0001018
0.0010833
0.0005075
0.0003795
0.0001323
0.0003954
0.0011584
0.0017341
6.07e-05
0.0003635
0.0004018
0.0002732
0.0003941
0.0002153
0.0008292
0.0005578
0.002253
0.0003328
0.0038396
0.0005281
0.0038605
6.2e-05
0.0003864
2.48e-05
0.0003409
5.98e-05
0.0003523
0.0001033
0.0013782
0.0010147
0.0001071
0.000521
0.000184
0.0037981
0.0021575
0.0039468
0.0004132
0.0007711
0.0001364
0.0029248
0.0017654
9.94e-05
0.0006383
0.0041024
0.0005324
0.0005124
0.0028419
0.0003721
5.25e-05
0.0003987
0.000482
0.000525
5.63e-05
0.0004742
0.0004677
0.0007488
0.0002631
6.88e-05
0.0008172
0.0016001
0.0018283
0.0004377
1.65e-05
0.000442
0.0011166
0.0010214
0.000548
0.0014571
0.0010376
1.5e-05
0.0003788
0.0005259
9.56e-05
0.0003981
0.0005808
0.0014431
7.03e-05
0.0030303
4.69e-05
0.0008107
7.23e-05
2.89e-05
1.55e-05
1.41e-05
0.0004179
0.0004099
9.46e-05
0.0004805
0.0005246
5.19e-05
0.0005209
0.0001143
1.5e-05
7.75e-05
0.004288
0.000131
8.41e-05
1.65e-05
5.23e-05
1.57e-05
0.0032743
0.0026946
0.000384
0.0002173
0.0003449
0.0005284
0.0005063
0.0004034
0.0032255
1.57e-05
1.4e-05
0.0017629
0.001692
0.000968
1.54e-05
0.0005147
9.62e-05
7.34e-05
0.0003452
0.0004632
0.0040828
0.0004653
1.74e-05
0.0018934
0.0018513
0.0008623
0.0042795
0.0004904
7.48e-05
4.74e-05
6.22e-05
0.0001804
0.0009528
0.0005275
0.0004364
0.0023991
0.0009174
4.44e-05
1.68e-05
0.0001435
9.33e-05
1.49e-05
0.000833
4.53e-05
0.0005692
0.0039442
0.0041452
0.0001835
7.21e-05
0.0003843
0.000374
0.0042649
0.0008186
3.47e-05
7.22e-05
0.000524
4.7e-05
5.08e-05
1.51e-05
0.0043988
0.0001105
0.0009756
0.0005962
0.0041098
9.26e-05
0.0006397
4.79e-05
0.0004826
0.0018533
0.0044979
4.53e-05
0.0031909
265.152
