0.004946
0.0020891
0.0005164
4.87e-05
0.0009219
9.12e-05
0.0018264
2.17e-05
0.0067414
0.0006812
0.0034034
0.0004344
0.0017017
0.0003939
0.0001111
0.0045657
0.0002798
0.0058622
0.0013032
0.0022578
7.37e-05
0.0001443
0.0015516
2.15e-05
0.0009514
0.001093
0.0011097
0.0001005
0.0013922
2.55e-05
0.0010459
0.0014315
6.28e-05
0.0030041
0.0023921
2.01e-05
0.0056715
0.0005663
0.0001824
0.0005188
2.35e-05
6.32e-05
0.0033376
0.0013897
0.0033934
0.0036561
0.0009511
0.0046462
0.0006581
0.0001732
0.0006991
0.0052801
0.0008895
7.86e-05
0.0009846
0.0015357
0.0022102
6.51e-05
0.005783
0.0010145
0.0009706
2.41e-05
0.0010814
2.45e-05
0.0033638
0.0050683
2.38e-05
0.0009322
2.29e-05
0.0057954
9.33e-05
0.0001213
0.006544
0.0006359
0.0001224
0.0092224
0.0013566
8.62e-05
0.0038453
0.0004891
0.0033311
7.12e-05
5.99e-05
8.29e-05
0.0005648
0.0003057
2.05e-05
0.0007714
0.0001469
0.0006869
0.0001326
0.0004971
0.0006289
0.0001246
0.0010864
0.0047159
0.0023156
8.69e-05
9.07e-05
7.41e-05
0.0008737
0.0001565
0.0002983
0.0008713
0.0013022
0.002102
0.0008828
0.0001284
0.0005297
0.000118
0.0001435
0.0001093
0.000909
0.0001632
0.0006362
0.0092597
0.0041545
0.0024974
0.0001227
0.0001283
7.72e-05
0.0032071
0.0058007
0.0001334
0.0040918
0.0003504
0.0028018
0.0011051
2.36e-05
0.0057589
0.0024361
0.0006424
0.0009164
5e-05
0.0023784
0.0001522
0.0001059
8.28e-05
0.0001269
0.0002325
0.0001382
0.0003863
1.52e-05
4.63e-05
0.0003695
0.0004932
0.0003595
0.0008163
8.5e-05
0.0001473
5.32e-05
0.0007236
0.0005635
0.0004062
0.0006653
1.54e-05
0.0019794
4.97e-05
0.0018642
0.0042192
1.47e-05
0.0001
1.46e-05
0.0005227
0.0004202
0.0001081
0.0028005
1.64e-05
0.0011004
4.98e-05
0.0005578
1.65e-05
0.0001297
0.0005732
0.0015804
6.25e-05
1.3e-05
0.0004679
0.000412
0.0009516
6.79e-05
3.89e-05
0.0004806
0.0017134
0.0017813
0.0041033
0.0039532
0.0042158
8.74e-05
0.0001048
0.0010656
0.000717
0.0004281
0.0011313
0.0001235
0.0005538
0.0005038
0.0001042
4.73e-05
6.94e-05
0.0014364
5.16e-05
0.0001337
0.002705
0.0006212
0.0007128
4.45e-05
0.0003761
0.0006586
9.01e-05
0.0030876
0.0001201
0.0016642
0.0001209
0.0017996
1.58e-05
0.0037644
0.0003351
0.0006978
0.0009313
0.0006046
0.001532
0.0004721
0.0004553
0.0005431
9.38e-05
5.39e-05
0.0039985
0.0003437
1.59e-05
0.0007346
0.0006339
0.0001002
1.38e-05
1.52e-05
0.0036577
1.61e-05
5.69e-05
0.0001261
0.0004167
0.0006906
0.0033617
0.0016523
0.0004306
0.0008631
0.000395
0.0004497
8.37e-05
4.71e-05
0.0015365
9.35e-05
1.52e-05
0.0004055
0.0002438
0.00013
0.0005422
0.0011365
0.0001173
0.0024991
0.0039351
0.0003992
8.45e-05
0.0004654
0.0007057
0.0003758
9.27e-05
0.0007534
0.0044033
0.0006446
0.0046524
0.0018931
0.0018677
0.0042434
0.0008727
9.64e-05
0.0041588
0.0002014
0.0005249
1.49e-05
0.0004669
0.004213
0.0039347
0.0004757
0.0007063
0.0005912
4.68e-05
7.24e-05
0.0038383
1.53e-05
0.0001035
0.0038646
0.0004554
0.0042132
0.0005009
0.0001107
4.82e-05
6.44e-05
0.0004725
1.51e-05
1.71e-05
1.41e-05
0.0037992
0.0006802
0.0001139
0.0005086
0.0008032
0.0004292
0.0002843
0.0038261
0.002179
0.0003949
0.0005036
0.0013086
0.0003498
0.0001328
0.0005891
0.0002317
0.0002352
0.0038349
0.0017267
0.0005505
1.37e-05
0.0011382
0.0005247
0.0005816
0.0025421
0.0004173
0.0001193
0.0016982
0.0036158
0.0003172
0.0008169
0.0004733
0.00083
8.91e-05
0.0006589
0.0001283
0.00502
0.0001458
9.6e-05
0.0036768
1.64e-05
0.0008468
0.0023637
0.0007053
0.0010549
0.0005122
7.92e-05
0.0004198
0.0007003
0.0040016
0.0010754
0.0004198
0.0010939
1.54e-05
0.0012841
0.0004281
0.004312
8.48e-05
0.0003991
0.0001041
0.0006464
0.0010061
9.51e-05
0.0011118
1.66e-05
0.0001018
1.5e-05
0.0032014
0.0003889
0.0001215
0.0001836
8.56e-05
8.25e-05
0.0002222
0.0031883
4.27e-05
5.7e-05
0.0004758
0.0005314
0.0004781
1.81e-05
0.000839
0.0003929
0.0008257
0.0004956
0.0004691
0.000537
0.0013976
1.63e-05
0.0007715
0.0001133
4.44e-05
0.0006218
0.000252
0.0006743
1.66e-05
0.0012606
0.0001442
8.57e-05
5.3e-05
9.89e-05
8.04e-05
0.0043803
0.0007362
1.69e-05
0.0036437
0.0006545
0.0025114
5.31e-05
0.0031217
0.0039753
0.0005928
3.32e-05
0.0016416
0.0036635
0.0005867
0.0014297
0.0005907
1.6e-05
0.0029169
0.0022099
0.0007669
0.0004737
7.87e-05
1.34e-05
4.2e-05
0.0010287
8.33e-05
9.2e-05
0.0004099
0.0003421
0.0003571
0.0001914
0.000464
0.0010647
1.65e-05
0.0014248
0.0042753
8.6e-05
0.0014606
0.0001175
0.0005155
0.0004952
0.0001498
0.0001702
0.0005417
0.0046252
0.0044604
0.0041407
0.0003339
0.0009854
1.69e-05
0.0036784
0.004233
1.84e-05
0.0041091
0.0045718
0.0032997
0.0020605
4.48e-05
0.0004962
0.0023195
1.54e-05
0.0027254
9.22e-05
0.0009448
0.0010622
1.45e-05
0.0007884
6.78e-05
0.0008154
0.0012598
0.0004826
0.0040206
9.33e-05
0.0003451
0.0004995
0.004116
0.00337
4.8e-05
6.25e-05
0.0001267
0.0001217
0.001451
4.25e-05
4.79e-05
1.59e-05
0.0004891
1.44e-05
0.0012426
0.0042442
0.0019118
0.000134
0.0005112
0.0005578
0.0044649
0.0005825
0.0025451
0.0005059
0.0003758
7.91e-05
0.0021061
0.0044636
1.42e-05
0.0042491
0.0002845
0.0017558
0.0010874
1.63e-05
9.48e-05
8.24e-05
0.0005034
0.0004499
0.0018999
0.0005453
1.52e-05
0.0008668
0.0002978
0.0007384
0.000506
0.0005257
0.0046792
0.0007948
0.0011167
0.0033112
2.05e-05
0.0011316
1.79e-05
0.0002474
0.00015
0.0007844
7.95e-05
0.0014167
0.0007754
0.0001381
0.0001645
4.67e-05
0.000419
0.0031189
0.0007504
0.0005274
0.0005971
0.00012
0.0024933
0.000605
0.0001031
0.0005249
0.0007185
0.0003474
8.22e-05
0.0004098
0.0018904
0.0041183
0.000129
0.0004907
0.0007619
0.0044477
0.0012075
9.36e-05
0.0001836
0.0021308
0.0031496
0.0004956
0.0006704
0.0004929
0.0005825
0.0011615
0.0024729
0.000461
0.0009959
0.0005341
0.0013026
0.0014776
0.000926
1.61e-05
0.0014023
0.000485
0.0004912
6.82e-05
0.0006059
0.0002114
0.0033723
1.42e-05
0.0005605
9.77e-05
9.36e-05
0.0006253
0.0012188
0.0008362
0.0029297
0.0005502
8.37e-05
1.86e-05
0.0042981
0.000405
0.0016479
0.004167
9.26e-05
4.49e-05
0.0006088
0.0016429
1.91e-05
1.54e-05
0.000706
0.0038156
0.000315
7.93e-05
0.0010061
0.0042482
0.0013532
0.0009733
8.03e-05
1.65e-05
0.0003949
3.11e-05
9.75e-05
0.0003197
0.0009597
0.000326
1.47e-05
0.0004652
0.00094
0.0005714
0.0008418
8.67e-05
0.0040906
0.0004629
0.0004575
0.0003602
0.0042291
9.33e-05
0.0032267
0.0018923
0.0010372
6.02e-05
0.0003881
0.0006775
0.0001222
0.000862
0.0048683
1.46e-05
0.0005084
5.03e-05
0.0004674
0.0009236
0.0005283
0.0025971
0.0043054
0.0007453
1.69e-05
7.99e-05
0.0001526
4.62e-05
4.41e-05
4.27e-05
0.0004573
0.0002622
0.0001417
0.0031163
0.0042691
9.38e-05
1.39e-05
8.8e-05
1.55e-05
8.7e-05
1.4e-05
1.59e-05
7.13e-05
8.04e-05
0.0013653
4.81e-05
8.84e-05
8.12e-05
5.65e-05
0.0010985
0.0031464
1.62e-05
4.79e-05
5.86e-05
9.65e-05
1.52e-05
0.0016259
1.68e-05
9.51e-05
1.43e-05
3.85e-05
0.0005695
1.74e-05
9.6e-05
0.0003708
0.0043076
1.61e-05
4.3e-05
1.23e-05
0.0013082
7.3e-05
0.0004704
0.0005633
7.17e-05
0.0009233
9.62e-05
0.0001414
0.0048566
0.0005179
0.0003405
0.0023737
0.0006696
0.0006933
0.0009408
1.57e-05
0.0007303
1.73e-05
0.0001342
0.0003374
0.00187
0.0019983
0.0005636
0.0046015
1.56e-05
0.0044487
0.0008
9.89e-05
0.001867
0.0001275
7.13e-05
1.68e-05
8.39e-05
5.55e-05
0.0004954
0.0001163
0.0006946
0.0011922
0.0042107
0.0004516
0.0004057
0.0003806
0.0006536
0.000733
0.0005409
0.0038467
0.0001701
0.0026915
1.67e-05
0.0003809
0.0004641
0.0006997
0.0003978
0.0005073
9.33e-05
0.0018862
0.0005299
0.0005586
0.0001427
0.0017279
0.0048181
0.0046358
0.0014825
0.000469
0.000543
1.7e-05
0.0018578
0.0005271
0.0004869
0.000817
1.64e-05
0.0009474
8.57e-05
1.49e-05
0.0043648
1.66e-05
4.55e-05
0.0004253
0.0044562
0.0040958
0.0006375
1.72e-05
9.47e-05
1.51e-05
1.76e-05
0.000471
0.0023472
6.32e-05
0.0041557
0.000531
9.21e-05
0.0004985
4.69e-05
0.0007151
0.0013276
0.000627
0.0004376
0.0004046
0.0003693
0.0003968
9.11e-05
0.0041902
0.0001151
0.0005503
8.01e-05
0.0015923
4.55e-05
0.000129
0.0005531
0.001377
1.38e-05
9.11e-05
5e-05
0.000588
0.0022452
0.0003923
0.0039033
0.0010037
0.0012831
0.0026244
1.8e-05
0.0012935
0.0026736
0.0045396
0.0005818
0.0005075
0.0003949
0.0003793
0.0004179
0.0044986
9.92e-05
9.05e-05
0.0014005
9.51e-05
0.0011332
0.0005641
0.0003257
0.0001281
0.0004812
0.0011803
0.0016119
5.67e-05
0.0007324
0.0004732
0.0002103
0.000489
0.0001702
0.00084
0.0004885
0.0022771
0.0003511
0.0040539
0.0004902
0.0034148
6.27e-05
0.0005081
1.72e-05
0.0003529
4.47e-05
0.0004153
9.41e-05
0.0013851
0.0009885
0.0001433
0.0005506
0.0001729
0.0037992
0.0022111
0.004381
0.0003903
0.0007244
0.0001096
0.0030963
0.0017215
7.17e-05
0.0008022
0.004088
0.0005661
0.0007316
0.0029264
0.0004211
4.88e-05
0.0004572
0.0005176
0.0004796
5.67e-05
0.0004516
0.0007349
0.0005635
0.0003017
4.54e-05
0.0012219
0.0015019
0.0016448
0.0005043
1.64e-05
0.000597
0.0012449
0.001058
0.0005913
0.0013147
0.00271
1.37e-05
0.0003599
0.0006249
9.61e-05
0.0003736
0.0005867
0.0017044
8.14e-05
0.0031244
4.54e-05
0.0008232
7.96e-05
2.64e-05
1.4e-05
1.39e-05
0.0004063
0.0003769
9.01e-05
0.0004784
0.0004936
4.41e-05
0.0005165
9.91e-05
1.46e-05
7.59e-05
0.0043871
0.0001295
7.93e-05
1.61e-05
5.06e-05
1.45e-05
0.0028099
0.0027025
0.0006859
0.000269
0.0003894
0.0005107
0.0005313
0.0007483
0.003392
1.74e-05
1.29e-05
0.0017371
0.0013915
0.0009933
1.36e-05
0.0006131
9.27e-05
7.34e-05
0.0003414
0.0004604
0.0042018
0.000394
1.68e-05
0.0016739
0.0016642
0.0007899
0.0043003
0.0004456
7.93e-05
4.75e-05
6.1e-05
0.0001829
0.0007384
0.0006137
0.0005156
0.0026106
0.0009157
4.65e-05
1.51e-05
0.000135
9.12e-05
1.49e-05
0.0008415
5.22e-05
0.0005066
0.0039891
0.0042624
0.0001495
7.76e-05
0.0004254
0.0003647
0.0041301
0.0003851
1.69e-05
6.88e-05
0.0004819
4.55e-05
4.35e-05
1.48e-05
0.0042591
0.0001136
0.0006209
0.0006623
0.003993
7.7e-05
0.0005122
4.8e-05
0.0006628
0.0017639
0.0041986
4.52e-05
0.0033926
478.746
