0.0341572
0.0813081
0.0552503
0.0855665
0.0298359
0.0310262
0.0166806
0.048356
0.013746
0.0595679
0.0561761
0.0903913
0.0558482
0.0549581
0.0895791
0.0301634
0.0552846
0.0089246
0.0561466
0.0160729
0.120597
0.0554809
0.0523144
0.0351601
0.0573069
0.0306988
0.0537487
0.0528249
0.0528759
0.0313061
0.0695064
0.12521
0.0597091
0.0171328
0.0369019
0.0386774
0.0012337
0.054798
0.0552229
0.0415373
0.0514076
0.0899663
0.0392323
0.0585351
0.0527098
0.019767
0.0872501
0.0584265
0.0528856
0.0932523
0.076743
0.0059894
0.0541319
0.0477174
0.0354408
0.0911722
0.0555666
0.0371043
0.0026874
0.03374
0.0527634
0.090653
0.0831708
0.0520056
0.087311
0.0194681
0.0563381
0.0454807
0.0885114
0.0160399
0.0572104
0.0621815
0.0326813
0.0534435
0.019398
0.0017393
0.0430477
0.12073
0.0207663
0.0151384
0.0172206
0.0600722
0.0523226
0.0873281
0.0870062
0.135785
0.0184553
0.0569089
0.086727
0.0266718
0.0870018
0.0270885
0.0188643
0.0901219
0.0332942
0.0862691
0.0299693
0.120271
0.086526
0.0917111
0.0227989
0.0289276
0.0209224
0.0176269
0.0541784
0.0427609
0.0562106
0.0537266
0.0553213
0.0873672
0.119593
0.0184918
0.0830814
0.0148928
0.0564095
0.0201699
0.0150223
0.0569189
0.041755
0.127406
0.0187308
0.0361608
0.0064671
0.0165478
0.049815
0.122408
0.0603503
0.0475364
0.0540742
0.0143158
0.0151027
0.0612408
0.0394096
0.158384
0.0367247
0.111544
0.0291984
0.101002
0.0993488
0.0770879
0.188054
0.165731
0.17133
0.109101
0.0388329
0.100344
0.0526071
0.0997005
0.156817
0.0322103
0.126652
0.0568089
0.0413108
0.100981
0.155168
0.0369471
0.0904194
0.144485
0.103563
0.019917
0.149839
0.0676797
0.0753128
0.0725765
0.0978433
0.0946554
0.0535134
0.13752
0.0632553
0.204249
0.096888
0.154942
0.157867
0.0953525
0.0888828
0.159068
0.0379803
0.11592
0.0754759
0.157227
0.0631532
0.146909
0.0567843
0.101891
0.0282133
0.0252121
0.0099684
0.0132915
0.172557
0.157642
0.0527682
0.071181
0.0254672
0.10267
0.0840976
0.0945172
0.026889
0.184991
0.0946696
0.0313188
0.082361
0.121548
0.0347197
0.0285023
0.0822449
0.0336716
0.0786432
0.093506
0.0962768
0.15299
0.0815059
0.103886
0.0524308
0.0411124
0.0328547
0.147776
0.0014214
0.238843
0.111436
0.147652
0.0440867
0.0942287
0.14794
0.0941974
0.0922657
0.108235
0.200509
0.0954845
0.0627289
0.0961343
0.0866271
0.145836
0.162939
0.102964
0.0984316
0.0009427
0.100374
0.147842
0.184924
0.0478935
0.108473
0.0394735
0.0802379
0.0975353
0.0597706
0.122582
0.0241085
0.168703
0.182957
0.0415336
0.197105
0.112999
0.121403
0.177153
0.140423
0.115505
0.0978352
0.09639
0.057423
0.0156931
0.109455
0.113016
0.0570151
0.0966483
0.109278
0.159994
0.138431
0.0025036
0.136746
0.0360933
0.0374499
0.0615991
0.0278158
0.0911218
0.144852
0.0180852
0.0342093
0.173114
0.0502591
0.0409931
0.004158
0.0278463
0.0423423
0.0384797
0.121721
0.0619923
0.152201
0.0560599
0.225555
0.0666943
0.032986
0.152527
0.0209187
0.117792
0.0782173
0.185332
0.094979
0.0299051
0.0984327
0.0931828
0.182737
0.0018195
0.116715
0.152182
0.175989
0.0838421
0.177034
0.127731
0.0015451
0.105893
0.10698
0.0850174
0.0567836
0.104368
0.137548
0.187077
0.226395
0.118238
0.0521919
0.0546948
0.164968
0.162362
0.0530395
0.159608
0.147283
0.0362933
0.0961015
0.153673
0.0355997
0.0243978
0.216841
0.0944893
0.125308
0.181906
0.100484
0.155004
0.0377218
0.102263
0.104096
0.0676497
0.0591749
0.0913915
0.0500728
0.0564405
0.0600427
0.0292019
0.11909
0.111637
0.0942301
0.0560104
0.0450765
0.123791
0.0837597
0.167282
0.188697
0.0650523
0.130407
0.0546729
0.15883
0.095122
0.0988886
0.0964549
0.0647347
0.115769
0.0951473
0.155138
0.194178
0.107347
0.0349121
0.0484087
0.0586558
0.107361
0.136403
0.0455191
0.150294
0.0444651
0.167508
0.0337643
0.106231
0.113187
0.139527
0.210751
0.105102
0.0750441
0.0270849
0.0425269
0.178174
0.0807689
0.085298
0.107794
0.0468985
0.0817809
0.083156
0.115289
0.0751885
0.17677
0.1739
0.0605973
0.138453
0.164121
0.172989
0.241205
0.0695232
0.0399612
0.103358
0.220561
0.0591305
0.183525
0.0319401
0.207336
0.0863996
0.0019221
0.161823
0.128359
0.125522
0.0299289
0.189116
0.0437367
0.175853
0.164231
0.0658233
0.0984847
0.162747
0.134228
0.173861
0.132125
0.13354
0.138065
0.153667
0.246078
0.0980982
0.0922291
0.187995
0.104972
0.0563087
0.1548
0.0431418
0.0397946
0.0273724
0.113295
0.111115
0.160064
0.0964844
0.141776
0.109727
0.0278792
0.142742
0.0410583
0.0378804
0.0159799
0.16707
0.160091
0.0881709
0.0017351
0.0185371
0.139013
0.0315666
0.0136386
0.0046562
0.042127
0.0699752
0.109743
0.0388445
0.103464
0.0452744
0.243878
0.145684
0.0297484
0.0825677
0.0381906
0.0969711
0.0837817
0.0370294
0.105093
0.0237576
0.101202
0.119311
0.188992
0.0012508
0.0019598
0.128195
0.102678
0.0688749
0.262235
0.219304
0.0427698
0.189708
0.161708
0.0301119
0.148977
0.0368308
0.0659975
0.121634
0.121673
0.163343
0.0293576
0.0041
0.0873489
0.047616
0.106476
0.118596
0.112591
0.0330275
0.0194124
0.13683
0.0108437
0.208297
0.111379
0.109858
0.0952902
0.189174
0.100931
0.064891
0.0548005
0.0448468
0.0498651
0.102438
0.0710678
0.159467
0.0627313
0.125488
0.0479052
0.0312068
0.111519
0.160295
0.0396925
0.277408
0.0409777
0.165663
0.164127
0.175007
0.0519619
0.0875113
0.155676
0.11608
0.103238
0.114058
0.0602595
0.12074
0.0562287
0.0634472
0.112527
0.109746
0.0686223
0.0457184
0.0889945
0.15203
0.0375501
0.075185
0.0396149
0.116382
0.0673298
0.0436978
0.0214187
0.106033
0.105194
0.113027
0.0203411
0.100352
0.16213
0.101859
0.0269867
0.0561676
0.16302
0.0414464
0.168956
0.0899468
0.080083
0.0975498
0.151434
0.0532015
0.147624
0.119755
0.111631
0.0413921
0.193459
0.137255
0.0766276
0.163828
0.19647
0.16589
0.196048
0.0414758
0.0986109
0.10916
0.151377
0.0740962
0.208073
0.178965
0.143293
0.0331453
0.035602
0.0934287
0.0931427
0.0200725
0.0978147
0.02937
0.0411623
0.155572
0.0887011
0.0370249
0.0341079
0.142897
0.0434167
0.0606153
0.0246756
0.104446
0.11724
0.0474013
0.0547549
0.144602
0.0925511
0.148769
0.110879
0.108712
0.1492
0.186863
0.0281006
0.246573
0.0862424
0.217566
0.112115
0.079351
0.0465435
0.0848038
0.0878284
0.025796
0.0903282
0.0708887
0.260344
0.0171148
0.0909945
0.0602678
0.0854373
0.0894497
0.0853256
0.0544677
0.157869
0.0496189
0.050194
0.0353126
0.130746
0.0491069
0.141361
0.0443934
0.200816
0.041342
0.0008646
0.105968
0.0297157
0.158897
0.0727555
0.0979959
0.206799
0.162961
0.145544
0.0494133
0.104758
0.161468
0.0698819
0.0277654
0.157939
0.157892
0.0966276
0.0884111
0.218143
0.106973
0.212453
0.0945262
0.0913126
0.12433
0.0591774
0.0283135
0.10317
0.100429
0.0290851
0.0881042
0.0961141
0.136377
0.204083
0.0932138
0.0957724
0.0947227
0.0935637
0.263094
0.172059
0.155293
0.0656494
0.105834
0.209695
0.0461055
0.041742
0.0643101
0.145733
0.052603
0.0406431
0.145265
0.0877086
0.0305767
0.0559081
0.0727122
0.101834
0.0852818
0.0476835
0.127244
0.148948
0.0987752
0.0267729
0.161243
0.103855
0.0889627
0.107275
0.109542
0.0761433
0.117651
0.0336006
0.179617
0.0995729
0.0371742
0.179084
0.0276978
0.0626121
0.10069
0.0434341
0.167337
0.168962
0.147656
0.0947999
0.156096
0.102801
0.0721066
0.204801
0.0387735
0.0188099
0.0903271
0.0702372
0.114247
0.165121
0.103234
0.179687
0.0005601
0.15464
0.0263028
0.0643749
0.0377752
0.106713
0.0474596
0.0350015
0.140932
0.169078
0.154383
0.165232
0.0986469
0.0361431
0.0468998
0.0331541
0.008858
0.0749264
0.119311
0.159774
0.101133
0.0337338
0.0648827
0.0474772
0.0992434
0.144425
0.0743403
0.207144
0.142288
0.0310779
0.148291
0.195139
0.138952
0.0095699
0.0675481
0.105856
0.0937914
0.156512
0.251608
0.126061
0.107738
0.124276
0.215317
0.0240263
0.111051
0.259594
0.152124
0.131311
0.0983188
0.0545818
0.100989
0.0765681
0.06588
0.0819059
0.0901125
0.132966
0.0371949
0.105809
0.105166
0.0482721
0.0369039
0.106662
0.101595
0.0534426
0.116377
0.132519
0.0465082
0.0726707
0.162177
0.102774
0.0375335
0.0344483
0.0622927
0.0537705
0.0351331
0.133986
0.0973202
0.0687201
0.0922132
0.147043
0.107841
0.118167
0.13066
0.0380827
0.0013137
0.0422934
0.251482
0.0781825
0.171327
0.0497306
0.103671
0.0722406
0.0344878
0.148029
0.148886
0.110842
0.151
0.05865
0.13079
0.185321
0.164804
0.0890436
0.0289485
0.0885648
0.097778
0.106622
0.0893438
0.111991
0.0238352
0.173836
0.123348
0.154214
0.0927307
0.153808
0.0393496
0.159182
0.0899979
0.0395274
0.0910871
0.079244
0.122083
0.0012463
0.0864317
0.0133545
0.0889834
0.0421269
0.207474
0.0368947
0.112174
0.156734
0.193366
0.0062816
0.158425
0.06635
0.0709691
0.100528
0.214057
0.0336215
0.0997277
0.122807
0.088026
0.0809438
0.0616685
0.201803
0.0575123
0.153651
0.039915
0.0624801
0.0516694
0.0256495
0.0999057
0.0294242
0.0817669
0.0860877
0.077174
0.0534899
0.0995761
0.150924
0.114224
0.147098
0.226242
0.149366
0.145928
0.0658483
0.148829
0.0908458
0.0413713
0.0760491
0.101169
0.141613
0.151509
0.149854
0.0631877
0.0942481
0.22597
0.0969074
0.103356
0.181649
0.104772
0.0661143
0.171319
0.132104
0.0309329
0.134195
0.121141
0.090351
0.0967856
0.0340208
0.110743
0.0570635
0.0783043
0.170518
0.117534
0.0472602
0.0396386
0.12752
0.0339753
0.0705565
0.102287
0.0262674
0.0879379
0.0925667
0.0294996
0.138049
0.213592
0.0747267
0.0322979
0.197285
0.0068701
0.0955854
0.128492
0.0336458
0.0931375
0.0445822
0.0397803
0.122765
0.183673
0.100929
0.154233
0.160055
0.0998252
0.129835
0.149497
0.037167
0.044399
0.102065
0.0985758
0.0286173
0.0893887
0.144698
0.0833514
0.140665
0.106951
0.0194434
0.0266595
0.0244138
0.0693992
0.0263742
0.0852725
0.0395265
0.0660392
0.25823
0.170124
0.131383
0.0715634
0.103416
0.0498557
0.0056704
0.0622804
0.197892
0.175897
0.0599731
0.101364
0.07524
0.123158
0.157869
0.035303
0.0382071
0.276802
0.10711
100.283
