0.0035294
0.0506748
0.0310333
0.0574301
0.0159604
0.0035116
0.0045539
0.0088019
0.0069146
0.0322747
0.0380505
0.0605981
0.0292052
0.0433286
0.0529842
0.014362
0.0294816
0.0035048
0.0333949
0.0067016
0.0670937
0.0447489
0.0351629
0.0127651
0.0317381
0.0035948
0.0312511
0.028828
0.03028
0.0038613
0.0299919
0.0723655
0.0330979
0.0042469
0.0224029
0.0155493
0.0004025
0.0434008
0.0277218
0.0307366
0.0079221
0.0594197
0.0151872
0.0322588
0.030695
0.0072394
0.0606608
0.0352152
0.0285976
0.0679617
0.045206
0.0015637
0.0280329
0.0218848
0.0058662
0.0538937
0.029318
0.0083215
0.0010891
0.0061812
0.0077362
0.0613316
0.0503929
0.0087098
0.0479939
0.0066033
0.0043565
0.0146053
0.0550572
0.0073287
0.0359851
0.0380715
0.0177734
0.0282238
0.0054833
0.001004
0.0197063
0.0697007
0.0074674
0.0036044
0.0046183
0.0342097
0.0274271
0.0545592
0.0553212
0.0701558
0.0036221
0.0321505
0.0459859
0.0035676
0.0559472
0.0054041
0.0070392
0.0676575
0.005955
0.048758
0.0148006
0.0810126
0.0537671
0.0557315
0.0091268
0.005959
0.0126485
0.005963
0.0309763
0.0172918
0.0333586
0.0312029
0.0365671
0.047501
0.0773394
0.0089412
0.0507812
0.0040409
0.0358885
0.0076833
0.0037254
0.0374781
0.0138343
0.0729813
0.0054438
0.0268085
0.0019352
0.0044363
0.0223215
0.0656333
0.0382314
0.0237742
0.027325
0.0053351
0.0055723
0.0299012
0.007659
0.0480987
0.0051351
0.033996
0.0046201
0.0380656
0.0201322
0.0248982
0.0553659
0.0507523
0.0447093
0.024102
0.0037197
0.0262612
0.0102705
0.0421844
0.0517139
0.0036132
0.0323114
0.0113045
0.0058247
0.0331472
0.0617641
0.0035461
0.023331
0.0474163
0.039529
0.0049582
0.0445425
0.0080299
0.0053282
0.0183003
0.0389291
0.0292471
0.0124968
0.0539103
0.0072303
0.0652934
0.0332789
0.0613851
0.0487246
0.0402796
0.037326
0.0559457
0.0038408
0.0289768
0.0153735
0.0447616
0.0079022
0.0463244
0.0203617
0.0303074
0.0035348
0.0060593
0.0013735
0.0022738
0.0300808
0.0472345
0.0112055
0.0186002
0.005342
0.0311939
0.0381598
0.027752
0.0035563
0.0482403
0.0421129
0.0036259
0.0138412
0.0321285
0.0063854
0.0045263
0.0093846
0.0035826
0.0213775
0.0318421
0.0390298
0.0528927
0.0186841
0.0507288
0.0106777
0.0087058
0.0054344
0.04945
0.0001614
0.0700799
0.0278725
0.0497945
0.0047595
0.0329983
0.0510224
0.0339526
0.0316294
0.0225564
0.0655592
0.0211089
0.0107049
0.0340627
0.0227643
0.0326305
0.0486267
0.0281663
0.0044182
3.21e-05
0.038439
0.0447304
0.0474483
0.0051134
0.0307572
0.0048944
0.0239143
0.0312579
0.0074825
0.0395796
0.0037551
0.0513966
0.0725767
0.0051187
0.0547381
0.0279997
0.0267532
0.054271
0.0611223
0.0274287
0.0323709
0.0437856
0.0108745
0.0016496
0.0321107
0.027938
0.006475
0.0308764
0.0339288
0.0488678
0.035974
0.0003325
0.0320301
0.0074755
0.0047458
0.0231646
0.003298
0.0304368
0.0354072
0.0028767
0.0035404
0.068582
0.0036001
0.003911
0.0007842
0.0087529
0.0049379
0.0037266
0.0283008
0.004966
0.0472018
0.010598
0.0801073
0.0226901
0.0087355
0.0596572
0.004685
0.037741
0.0167585
0.0544346
0.030456
0.0035572
0.0363972
0.0037811
0.0517239
0.0001825
0.0296019
0.0397213
0.0470207
0.0183544
0.0358004
0.0213221
0.0001625
0.0336945
0.0310586
0.0198303
0.0071828
0.0262007
0.0052487
0.045508
0.0677863
0.0313521
0.0073785
0.0037805
0.0511867
0.0576587
0.0192213
0.0618355
0.045521
0.0040849
0.0314063
0.0697197
0.0093901
0.0074264
0.0742861
0.0295713
0.0386393
0.0335856
0.0405378
0.0617129
0.0038883
0.0115135
0.032755
0.0138791
0.0100674
0.006349
0.0053634
0.020209
0.0131543
0.0044712
0.0376698
0.0276914
0.0288635
0.0054145
0.0054846
0.0336023
0.0059175
0.0575473
0.0649211
0.0306639
0.0233751
0.0233029
0.0520415
0.0327349
0.048573
0.038115
0.004029
0.0271913
0.0059677
0.0456655
0.0498336
0.0149206
0.004222
0.0135222
0.0060835
0.0356522
0.0554078
0.0040314
0.0530521
0.0064931
0.0520571
0.0035992
0.0361278
0.0327998
0.0671112
0.0687716
0.0291226
0.0251275
0.0036445
0.0096083
0.0459406
0.0163988
0.0132061
0.0372393
0.0089821
0.016343
0.0293269
0.0414951
0.0151635
0.0487365
0.0454039
0.0102698
0.0344036
0.0496996
0.0043579
0.0771882
0.003717
0.0066718
0.0308543
0.0820432
0.0143817
0.0470571
0.0023111
0.0669716
0.0330561
0.0002446
0.051911
0.0375807
0.0460714
0.0023846
0.0635491
0.0067471
0.054713
0.0525851
0.0156064
0.038479
0.0266496
0.0238745
0.0545415
0.0343636
0.0363336
0.0233245
0.0490975
0.105021
0.0219443
0.0060742
0.0664926
0.0087637
0.0037755
0.0485136
0.0038225
0.0076721
0.0088035
0.0409801
0.0156995
0.0704397
0.0282336
0.0360278
0.0312457
0.0037557
0.0603945
0.0099455
0.0072953
0.0032525
0.0544192
0.0485705
0.0055556
5.44e-05
0.002223
0.0098015
0.0030824
0.0056686
0.0017946
0.0170084
0.0220298
0.0076897
0.0035768
0.028364
0.0150275
0.0650687
0.0348264
0.0037897
0.0362762
0.0180985
0.0307315
0.0323404
0.0039314
0.0399737
0.0042707
0.029625
0.0275547
0.0489119
4.84e-05
0.0001369
0.0401505
0.0297474
0.0067277
0.102311
0.0331271
0.0035586
0.0532914
0.0540841
0.0124728
0.0414762
0.0035744
0.0070773
0.0304121
0.0260117
0.0430605
0.0050181
0.0006276
0.0314712
0.0122243
0.0307815
0.0282973
0.0261238
0.0036057
0.0033133
0.0585145
0.0037922
0.0517125
0.0288903
0.0295199
0.0091485
0.0598727
0.0365207
0.0189424
0.0040177
0.0123675
0.0077695
0.0300232
0.0237322
0.0451823
0.0164021
0.0377306
0.0112165
0.0041935
0.0310541
0.062342
0.0058037
0.0843967
0.011753
0.0502161
0.0453804
0.0549487
0.019089
0.0363248
0.0545724
0.0121664
0.0271276
0.0347951
0.011761
0.0283615
0.0162371
0.004521
0.0397228
0.03603
0.0057744
0.0119925
0.0037903
0.0461593
0.0056398
0.004153
0.0038344
0.0335918
0.0077038
0.0157854
0.0015069
0.0154824
0.0286895
0.0427008
0.0042977
0.0110614
0.048367
0.0362483
0.0056848
0.0071948
0.0576288
0.0077423
0.0448896
0.0320514
0.0328304
0.0286553
0.0529862
0.0042183
0.0495585
0.025109
0.0325559
0.0054999
0.0632571
0.0332559
0.0179171
0.0619832
0.0943145
0.065193
0.069171
0.0054223
0.0402422
0.0146957
0.0510267
0.0190845
0.0718363
0.0504195
0.0574582
0.0060542
0.0041999
0.0463619
0.0274528
0.0071897
0.0329556
0.0055442
0.0129146
0.0640767
0.0295358
0.0063579
0.0066897
0.0216337
0.0055395
0.0123805
0.0036967
0.03599
0.0359742
0.0157353
0.0155436
0.0616875
0.0453677
0.0619664
0.00366
0.0300705
0.0525073
0.0622401
0.0042147
0.0968523
0.0306877
0.070624
0.0335394
0.0114073
0.0036947
0.0079518
0.0415173
0.0074747
0.0391622
0.0045673
0.102539
0.005171
0.0305122
0.0216091
0.0409228
0.0498431
0.0335259
0.0161945
0.0483725
0.0059868
0.018491
0.0087732
0.0489189
0.0070825
0.0547277
0.0075604
0.0849547
0.0089196
7.5e-06
0.0453767
0.0057772
0.0487882
0.0266475
0.0367949
0.0683747
0.0567778
0.0657381
0.0108257
0.0094752
0.0536233
0.0179035
0.0025799
0.0613023
0.0538752
0.0457817
0.0051836
0.0650008
0.0431829
0.0854175
0.0426236
0.0418606
0.034868
0.0041836
0.0039431
0.0381101
0.0323587
0.0057298
0.0299193
0.0107133
0.058462
0.0846217
0.0225887
0.0055877
0.0156815
0.0085139
0.100453
0.0590475
0.0521713
0.0176965
0.0071616
0.0917499
0.011213
0.013349
0.0038544
0.0556266
0.0041403
0.0058924
0.0638607
0.0380621
0.0038225
0.0045652
0.0111677
0.025819
0.0274419
0.0048051
0.0352716
0.0568395
0.0455351
0.0037385
0.05001
0.0292365
0.0303184
0.0417846
0.017576
0.0048514
0.0343484
0.0064014
0.074798
0.0307946
0.011501
0.0597016
0.0065518
0.0037042
0.0118533
0.007614
0.0542495
0.0652245
0.0630906
0.0390766
0.0488422
0.0367788
0.0037493
0.0579216
0.0061886
0.0047899
0.0415468
0.0067916
0.0319008
0.0402805
0.0341146
0.0522407
6.48e-05
0.0578293
0.0037196
0.005708
0.0055039
0.0403951
0.0136189
0.0039396
0.0567994
0.0345331
0.0498229
0.0526087
0.0279183
0.0039628
0.0154037
0.0086611
0.0005983
0.0079547
0.0290123
0.0095391
0.0077817
0.004183
0.0080144
0.0139003
0.0358789
0.0685075
0.0038454
0.0400535
0.0200585
0.0114832
0.0442092
0.0749218
0.0514702
0.001753
0.0212951
0.0376019
0.035486
0.0470836
0.111486
0.006556
0.0356244
0.0439906
0.0840138
0.0030088
0.0128655
0.108647
0.0580325
0.0459541
0.0298348
0.0243931
0.0363759
0.0258328
0.0157303
0.0349512
0.0332453
0.0539868
0.0062573
0.0305179
0.030409
0.0142979
0.0040769
0.0455247
0.0448014
0.0081199
0.0316087
0.0488917
0.0121939
0.0036011
0.0531748
0.0187158
0.0056084
0.0065885
0.0220616
0.0178833
0.0042329
0.0046523
0.0463662
0.0080152
0.030311
0.0530173
0.0286582
0.0405341
0.0408284
0.0038508
0.000197
0.0061969
0.0810255
0.0190305
0.0547861
0.0141243
0.0290004
0.0165259
0.0037384
0.05403
0.050466
0.0351423
0.0539914
0.0047337
0.0291996
0.0706167
0.0536633
0.0328805
0.0048226
0.0388943
0.0194238
0.0353371
0.0249666
0.029391
0.0020876
0.0580082
0.0258654
0.0288395
0.0343697
0.0632849
0.0040535
0.0537503
0.0390381
0.0071299
0.0338175
0.0279843
0.038973
6.25e-05
0.0297059
0.0034736
0.0331479
0.0091127
0.0814464
0.0051473
0.0306318
0.0537115
0.042433
0.0012469
0.0538247
0.0038989
0.0219534
0.0353345
0.0731015
0.0040761
0.0313784
0.0395228
0.0343779
0.0261605
0.00673
0.0833635
0.0039781
0.0566758
0.0045031
0.0189374
0.010889
0.0057329
0.0037955
0.005557
0.0254417
0.0284624
0.0196996
0.0072282
0.0295176
0.0543407
0.032882
0.0526966
0.0770054
0.0471747
0.0578588
0.0193387
0.0524409
0.0317662
0.0148319
0.0055006
0.0409755
0.0526182
0.0499633
0.0528908
0.0071571
0.0298486
0.070627
0.0446664
0.0369838
0.065572
0.0354105
0.0095374
0.0488773
0.0339395
0.0058358
0.0427086
0.0296863
0.0115967
0.0345498
0.0038824
0.0379622
0.0156012
0.0062336
0.0412048
0.0356658
0.0171537
0.0037382
0.0314087
0.0036721
0.0167474
0.0261212
0.0013311
0.0335059
0.0296352
0.003749
0.0432928
0.0791312
0.019711
0.0055742
0.0606313
0.0004383
0.0282948
0.0075993
0.0037265
0.0330377
0.0101517
0.0047241
0.0376498
0.0485984
0.0338052
0.0486515
0.0494623
0.0384756
0.0451581
0.0545284
0.0048914
0.0068901
0.0266737
0.0104424
0.0036807
0.0262492
0.0626011
0.0317554
0.0556444
0.037206
0.0070147
0.0038986
0.0036087
0.0156172
0.0037683
0.0350409
0.0106031
0.0052133
0.0658863
0.055469
0.0260949
0.0131977
0.0342463
0.0034138
0.0004695
0.0186905
0.0795723
0.0447786
0.019595
0.0282991
0.0038909
0.0283366
0.0438937
0.0043728
0.0052187
0.0886174
0.0241907
5.57597
