0.0060688
0.0063204
0.0005325
5.17e-05
0.0008518
0.0004726
0.0020588
2.69e-05
0.0067587
0.0007502
0.0025209
0.0005222
0.0012335
0.0002513
0.0001271
0.0052174
0.0001773
0.0068012
0.0007789
0.0036465
8.41e-05
0.0001554
0.0018439
2.15e-05
0.0011075
0.0007209
0.001238
0.0001137
0.0009116
2.5e-05
0.0010339
0.0008403
6.96e-05
0.0033976
0.0027863
2.36e-05
0.0067026
0.000668
0.0002084
0.0005809
2.65e-05
7.76e-05
0.0021703
0.000745
0.0039481
0.0039002
0.0008858
0.0053846
0.0007347
0.0002576
0.0005973
0.0060906
0.0010158
9.21e-05
0.0009316
0.0012651
0.0025819
8.34e-05
0.0107745
0.00086
0.0007902
2.78e-05
0.0008862
2.76e-05
0.0036837
0.006006
3.59e-05
0.0005674
3.07e-05
0.0085809
0.0001103
0.000158
0.0063522
0.0007448
0.0001391
0.0065938
0.0008337
8.62e-05
0.0045722
0.0005527
0.0038783
8e-05
6.99e-05
7.97e-05
0.000664
0.0002496
2.55e-05
0.0005994
0.0001551
0.000767
0.0001403
0.000587
0.0007287
0.0001705
0.0025086
0.0032636
0.0026559
0.0001259
0.0001139
8.68e-05
0.0021561
0.0002177
0.0003297
0.0011776
0.0010882
0.0012492
0.0009916
0.0001446
0.0005859
0.0001213
0.0001454
0.0001238
0.0009914
0.0001871
0.0015631
0.0070628
0.0031115
0.0035245
0.0001571
0.0001293
8.96e-05
0.0029455
0.0070442
0.0001476
0.0025375
0.000209
0.0036151
0.0008881
2.32e-05
0.0064404
0.0027576
0.0007138
0.0006828
6.62e-05
0.0029123
0.0001725
0.0001205
9.29e-05
0.0001478
0.0002849
0.0001729
0.0007389
2.43e-05
7.5e-05
0.0005304
0.0007308
0.0005454
0.0012412
0.0001476
0.0002297
8.62e-05
0.0016715
0.0007843
0.000547
0.0008285
2.56e-05
0.0029828
7.82e-05
0.0028776
0.0068302
2.53e-05
0.0002153
2.52e-05
0.0007845
0.0013718
0.000195
0.0040558
2.81e-05
0.0013611
8.85e-05
0.0008459
3.3e-05
2.92e-05
0.0010819
0.0027715
0.0001019
2.13e-05
0.0008379
0.0005432
0.0012724
0.00011
7.55e-05
0.0007493
0.002727
0.0026989
0.0067895
0.006879
0.0067113
0.000314
0.0001718
0.001565
0.0010318
0.0006273
0.0018163
0.0001583
0.0008218
0.0008804
0.0002445
6.87e-05
0.0001068
0.0035742
7.22e-05
0.0003565
0.0041854
0.0008782
0.0011042
7.5e-05
0.0006837
0.0010114
0.0001456
0.0061817
0.0001592
0.0024568
0.0001473
0.002824
2.37e-05
0.0069305
0.0006627
0.0010207
0.0011802
0.0010493
0.0026561
0.0006685
0.0007377
0.0012045
0.0001594
8.42e-05
0.0067027
0.0014188
2.47e-05
0.0013611
0.0007485
0.000164
2.93e-05
2.79e-05
0.0061533
2.19e-05
8.87e-05
0.0004313
0.0009725
0.0010027
0.0052416
0.0033278
0.0007474
0.001156
0.000572
0.0006319
0.000139
9.54e-05
0.0024415
0.0001509
2.27e-05
0.0008277
0.0003709
0.0002739
0.0007635
0.0021477
0.0001479
0.0037675
0.0086466
0.0005814
0.0001258
0.0007135
0.0011104
0.0005174
0.0001582
0.0012336
0.0069375
0.0006456
0.0074354
0.0031753
0.0025357
0.0067176
0.0011928
0.0002992
0.0078359
0.0003417
0.0010502
3.34e-05
0.0016668
0.0074564
0.0067277
0.0007561
0.0012137
0.0007702
7.39e-05
0.0001218
0.0071562
2.58e-05
0.0001621
0.0067475
0.0013739
0.0083248
0.0008501
0.0001688
8.63e-05
7.71e-05
0.0007244
2.24e-05
5.55e-05
2.39e-05
0.010677
0.0010211
0.0003278
0.0007501
0.001265
0.0005649
0.0002518
0.0064987
0.004469
0.0006092
0.001079
0.0023241
0.0005595
0.0005985
0.0009172
0.00043
0.0004381
0.0063653
0.0045339
0.0006264
2.37e-05
0.0020526
0.0006302
0.0008872
0.0035683
0.0006129
0.0002425
0.0028913
0.0052243
0.0007351
0.0012959
0.0007928
0.0016139
0.000128
0.0010672
0.0002469
0.0058899
0.0002157
0.0001482
0.0062467
2.6e-05
0.0013198
0.0035445
0.0012513
0.0019413
0.0007748
0.0001438
0.0007291
0.0009871
0.0060336
0.0015444
0.0010147
0.0016254
2.23e-05
0.0020346
0.0006573
0.0067425
0.0001711
0.0005979
0.0001465
0.0010469
0.0006074
0.0001603
0.0010372
2.47e-05
0.0001922
2.64e-05
0.006365
0.0005258
0.0001983
0.0002852
0.000155
0.0001284
0.0002811
0.0068772
8.59e-05
8.99e-05
0.0008178
0.0008116
0.0006167
3.59e-05
0.0007547
0.0006426
0.0018105
0.0007608
0.0005432
0.0007967
0.0030729
2.46e-05
0.0010725
0.0001884
6.66e-05
0.0007704
0.0003182
0.0010598
2.88e-05
0.0020235
0.0001905
0.0001329
8.72e-05
0.0001668
0.0001441
0.0089494
0.0015969
2.86e-05
0.0059591
0.0008262
0.0043339
9.6e-05
0.0054014
0.0069847
0.0015774
5.51e-05
0.0019878
0.0081768
0.0007633
0.0021192
0.0008659
3.05e-05
0.004656
0.0049382
0.0006502
0.0004277
0.0001398
2.25e-05
7.1e-05
0.0009647
0.0001346
0.0002943
0.000556
0.0004126
0.0004129
0.0003555
0.0006424
0.0023236
2.61e-05
0.0021975
0.0066923
0.0001158
0.0014054
0.0001682
0.0009767
0.0006125
0.0002306
0.0002599
0.0011507
0.0065852
0.0086859
0.0066311
0.0003957
0.0011277
2.81e-05
0.0058017
0.0111853
3.07e-05
0.0066857
0.0068526
0.0057728
0.0032855
6.86e-05
0.0010129
0.0034825
2.55e-05
0.004619
0.0001337
0.0019412
0.0014254
2.53e-05
0.0011418
0.0001198
0.0012237
0.001953
0.0006403
0.0073509
0.000116
0.0005542
0.000388
0.0064723
0.006438
7.35e-05
9.62e-05
0.0003168
0.0003655
0.002888
6.22e-05
8.28e-05
2.78e-05
0.0007365
3.24e-05
0.0012038
0.0069425
0.00331
0.00042
0.0007179
0.0008472
0.006553
0.0008515
0.0048429
0.0007504
0.000621
0.0001386
0.0032142
0.0079959
3.27e-05
0.0068372
0.0003559
0.0047852
0.0037564
2.66e-05
0.0001555
0.0001262
0.0007531
0.0006817
0.0027953
0.0009738
5.03e-05
0.0012916
0.0003542
0.00107
0.0007317
0.0007948
0.0067484
0.0012206
0.0037254
0.0007812
2.85e-05
0.0020128
2.38e-05
0.0003276
0.0003386
0.0012212
0.000135
0.0024379
0.0011502
0.0001735
0.0002609
6.68e-05
0.0005863
0.0049135
0.0007668
0.000745
0.0007727
0.0001677
0.0033535
0.0011127
0.00018
0.0007661
0.0007817
0.0005835
0.0001346
0.0006936
0.0031721
0.0065
0.0002705
0.0007869
0.0012099
0.0066592
0.0014734
0.0001735
0.0003405
0.0032313
0.0064227
0.0005387
0.0010493
0.0007129
0.0009591
0.0017674
0.0039686
0.0006342
0.0012953
0.0009542
0.0016789
0.0023543
0.0007335
2.91e-05
0.0026323
0.0006502
0.0010757
9.73e-05
0.0021832
0.0001402
0.005473
1.96e-05
0.0010861
0.000135
0.0001619
0.0008443
0.0016631
0.0012843
0.0050996
0.0008029
0.0001245
2.1e-05
0.0074181
0.0005453
0.0029171
0.0067851
0.0001553
6.78e-05
0.0005324
0.0025694
3.67e-05
2.43e-05
0.0016437
0.0085759
0.0005099
0.0001384
0.0015965
0.007173
0.0023072
0.0016852
0.0001609
3.06e-05
0.0005408
7.69e-05
0.0002674
0.0005203
0.0010607
0.0005941
2.86e-05
0.000624
0.0013266
0.0007982
0.0012905
0.0001416
0.0068037
0.0007334
0.000642
8.54e-05
0.006656
0.0001153
0.0048693
0.0026508
0.0017458
7.21e-05
0.0005611
0.0007503
0.0003889
0.0017506
0.0052453
5.44e-05
0.0006966
9.73e-05
0.0007504
0.0017939
0.0008635
0.0044521
0.0079172
0.001568
2.62e-05
0.0001219
0.0002632
8.31e-05
7.89e-05
0.0001668
0.0007224
0.0003617
0.0002213
0.0053387
0.0065523
0.0001498
2.98e-05
0.0001326
2.78e-05
0.0001617
2.31e-05
2.59e-05
0.0001191
0.0001177
0.0022677
0.0002381
0.00014
0.0001313
9.63e-05
0.0018305
0.0046114
2.67e-05
8.27e-05
9.97e-05
0.0001543
3.2e-05
0.001696
2.58e-05
0.0002517
2.17e-05
8.55e-05
0.0008278
2.72e-05
0.0001426
0.0005932
0.0066648
2.52e-05
8.94e-05
2.15e-05
0.001916
0.0001425
0.0009867
0.0008515
0.0001119
0.0007413
0.0001513
0.0002283
0.0076242
0.0009533
0.0003451
0.0039007
0.0010648
0.0005842
0.000883
2.22e-05
0.0011026
2.58e-05
0.0003168
0.0005076
0.0054075
0.0021378
0.0008398
0.0068292
2.66e-05
0.006921
0.0010913
0.0001621
0.0028361
0.0003542
0.00012
3.42e-05
0.0001258
9.32e-05
0.0009845
2.85e-05
0.000857
0.001859
0.0067709
0.0007494
0.0006311
0.0005394
0.0010056
0.0012245
0.0006084
0.0061174
0.0002418
0.0053042
2.45e-05
0.0005868
0.000794
0.0010802
0.0005757
0.0006301
0.0001355
0.0016694
0.0006814
0.0007304
0.0002293
0.0023971
0.0041398
0.0065905
0.0021288
0.0007782
0.0007318
2.76e-05
0.0027417
0.0007802
0.0014593
0.0013962
2.97e-05
0.0010628
0.0003328
3.29e-05
0.0067754
2.42e-05
8.5e-05
0.0005404
0.006681
0.0068159
0.0010283
2.42e-05
0.000181
2.71e-05
2.68e-05
0.0007941
0.0036479
9.39e-05
0.0067367
0.0006772
0.0003102
0.0011343
7.61e-05
0.0005404
0.0020669
0.0005649
0.0005693
0.0006104
0.0005517
0.0007247
0.0002174
0.0068534
0.0001719
0.0007961
0.000123
0.0028133
7.41e-05
0.0001915
0.0010199
0.0019316
2.08e-05
0.0001371
8.99e-05
0.0010603
0.0007679
0.0005617
0.0063832
0.0016334
0.0020184
0.0047319
2.78e-05
0.0020208
0.0045051
0.0068818
0.0008341
0.001038
0.0005723
0.0006147
0.0005799
0.0065531
0.000199
0.0003377
0.0012944
0.0001494
0.0016838
0.0008328
0.0007209
0.0003476
0.0006177
0.0022578
0.0025305
9.47e-05
0.0006564
0.0007876
0.0002887
0.0006963
0.0002865
0.0012329
0.000833
0.0044196
0.0005246
0.0060946
0.0008601
0.0062558
9.2e-05
0.0006992
3.11e-05
0.000554
8e-05
0.0005329
0.0001752
0.0023338
0.0015645
0.0002153
0.0008157
0.0002776
0.0060417
0.0035199
0.0067317
0.0006417
0.0010933
0.0003717
0.0045898
0.0026538
0.0001197
0.0007926
0.0067123
0.0008683
0.0006586
0.0044731
0.0005898
9.53e-05
0.0010698
0.0007467
0.0005927
8.94e-05
0.0008174
0.0007673
0.0010104
0.0004269
8.28e-05
0.0015971
0.0025767
0.0025306
0.0007699
2.78e-05
0.0009059
0.0017106
0.0016411
0.0008375
0.0021383
0.0015973
3.09e-05
0.0005933
0.0007993
0.000135
0.0006609
0.0009189
0.002602
0.0001316
0.0062624
7.38e-05
0.0011349
0.0001077
4.53e-05
2.29e-05
2.35e-05
0.000627
0.0005536
0.0001561
0.0008174
0.0007653
9.7e-05
0.0008059
0.00017
2.6e-05
0.0001174
0.0107071
0.0001917
0.0001231
2.71e-05
8.22e-05
2.24e-05
0.0044906
0.0047042
0.0005656
0.0004357
0.0005285
0.0007796
0.0009188
0.0006844
0.0044607
2.24e-05
2.07e-05
0.0028249
0.0026033
0.0017146
2.42e-05
0.0007589
0.0001413
0.0001224
0.0007053
0.0006269
0.0066362
0.0005837
3.08e-05
0.0030489
0.0053296
0.0012243
0.0067245
0.0007223
0.0001367
7.43e-05
0.0001154
0.0002449
0.0010936
0.0009006
0.0006982
0.0038301
0.0014302
7.41e-05
2.94e-05
0.0002236
0.0001557
2.62e-05
0.0016255
7.67e-05
0.0007861
0.0066758
0.0066756
0.0002402
0.0001333
0.0005923
0.0005697
0.0066675
0.0015548
2.56e-05
0.0001345
0.000735
7.15e-05
7.77e-05
2.35e-05
0.0064008
0.0001718
0.0010164
0.0013816
0.0067864
0.0001183
0.0009038
7.29e-05
0.0009211
0.0029181
0.0068649
7.87e-05
0.0052058
364.364
