0.001019
0.0043985
0.004097
0.0058025
0.0026607
0.0008926
0.0017415
0.0021613
0.0011398
0.0053799
0.0073349
0.011015
0.0060288
0.0060852
0.0096795
0.0030982
0.0051545
0.0006553
0.0046125
0.0009842
0.0087417
0.0048955
0.0052165
0.0026478
0.0046665
0.0009339
0.0041106
0.0055473
0.005907
0.0016439
0.0062494
0.0122935
0.0048369
0.0009484
0.0028726
0.0020653
9.41e-05
0.0040962
0.0042079
0.0042905
0.001438
0.0100542
0.0020212
0.0080053
0.0043073
0.0014633
0.0083035
0.0068311
0.0039402
0.0063514
0.0049884
0.0003086
0.0048118
0.002428
0.0025539
0.0101403
0.0042776
0.0034862
0.0002359
0.0024624
0.0018467
0.009522
0.0153299
0.0041505
0.0103847
0.001353
0.0016601
0.0023155
0.0061064
0.0011559
0.0075115
0.0086572
0.002746
0.0055193
0.0012606
0.000212
0.0036941
0.0080997
0.0022322
0.0014832
0.0017013
0.0052395
0.0055139
0.007547
0.0085571
0.0125047
0.0008836
0.0067157
0.0094689
0.0013397
0.0087452
0.0009941
0.0018341
0.0074333
0.0024923
0.0124564
0.0027562
0.0084526
0.006005
0.0093092
0.0024679
0.0016181
0.0015096
0.0019197
0.0042223
0.002804
0.0057243
0.0048643
0.0060607
0.0072594
0.0087116
0.0017364
0.0069909
0.0009633
0.0039036
0.001624
0.0009743
0.007396
0.0033727
0.0134932
0.0014348
0.0028125
0.0004344
0.0011557
0.0052385
0.0128021
0.0069846
0.0042211
0.0055778
0.0009462
0.000937
0.0052075
0.0016422
0.0130711
0.0016413
0.0065921
0.0016348
0.0054766
0.0034041
0.00309
0.0113963
0.0090991
0.0065396
0.0036898
0.0014576
0.0037467
0.0018193
0.0062631
0.0106385
0.0014701
0.0064605
0.0020325
0.0017917
0.0044503
0.0113666
0.0010674
0.0045205
0.006299
0.0052047
0.0006702
0.0061506
0.0013355
0.0017135
0.0039678
0.0039591
0.0035634
0.0034283
0.0070641
0.0026327
0.0086079
0.0042055
0.0087797
0.0082319
0.0047511
0.0061045
0.0131545
0.001023
0.0059953
0.0033544
0.0047884
0.0031482
0.0067255
0.0030247
0.006089
0.0015645
0.0010665
0.0002632
0.0007204
0.0055828
0.0085947
0.0027864
0.0034434
0.0009122
0.0052259
0.0057715
0.0045688
0.0014484
0.0052397
0.0066937
0.0014252
0.003382
0.0049328
0.0018226
0.0019071
0.0026059
0.0009437
0.005439
0.0052909
0.0046912
0.0099098
0.0035628
0.0063254
0.0028978
0.0030035
0.0017848
0.0082276
5.48e-05
0.0087671
0.0047266
0.0096971
0.0015977
0.0078658
0.0088441
0.0066599
0.0055164
0.0047485
0.0084769
0.0053154
0.0024743
0.0052644
0.0050303
0.0095528
0.0091715
0.0056845
0.0010951
1.09e-05
0.0054143
0.0118943
0.0111609
0.0009908
0.007435
0.0017926
0.0036775
0.0043738
0.0017039
0.0042464
0.000964
0.0113471
0.0108324
0.0015929
0.006623
0.0048625
0.0075582
0.0104586
0.0069558
0.0040436
0.0050975
0.0064562
0.001974
0.0002879
0.0038808
0.0039063
0.0013146
0.0056874
0.0080974
0.0091485
0.0043341
8.57e-05
0.005905
0.001895
0.0012515
0.0024899
0.0007293
0.0038625
0.0083616
0.0005207
0.0024561
0.0156259
0.0008604
0.0010215
0.0001698
0.0014256
0.0009053
0.0009027
0.0045764
0.0020974
0.0090302
0.0027342
0.0092059
0.0034477
0.0028312
0.0062751
0.0008524
0.0066756
0.00261
0.0095686
0.0053805
0.0009432
0.0039059
0.0009302
0.0065761
5.31e-05
0.0057845
0.0064826
0.0064312
0.0038699
0.0076138
0.0043546
3.45e-05
0.0058107
0.0046788
0.0047374
0.0014087
0.0051863
0.0013454
0.0098435
0.0131016
0.0085905
0.0022724
0.0016808
0.0064914
0.0063203
0.0021859
0.0093612
0.0072239
0.0013087
0.0039901
0.0088711
0.0020572
0.0039682
0.0083716
0.0064653
0.0055914
0.0055478
0.0075181
0.009057
0.0009622
0.0023532
0.0085695
0.0041434
0.0018165
0.0023907
0.0012308
0.002612
0.0019951
0.0014291
0.0114321
0.004769
0.0043513
0.0019069
0.0013268
0.0073725
0.001268
0.0083189
0.0158015
0.0058918
0.0035865
0.0036751
0.0080329
0.0050318
0.0063416
0.0058562
0.0018875
0.0037945
0.0016448
0.0107597
0.0126231
0.0053497
0.0009845
0.0023561
0.000942
0.0093892
0.007723
0.0009721
0.0077706
0.001433
0.0085552
0.0009187
0.0056407
0.0058233
0.0091127
0.0084552
0.0059865
0.0045846
0.0009033
0.0024793
0.0092274
0.0034686
0.0035241
0.0043492
0.0016353
0.0033106
0.0039221
0.0078148
0.0025941
0.0120017
0.0085815
0.0019316
0.0061803
0.0085309
0.001711
0.0098907
0.0018588
0.0015016
0.006278
0.0127363
0.0039968
0.0093236
0.000936
0.0125166
0.004342
9.44e-05
0.012698
0.006657
0.0053651
0.000637
0.0071404
0.0023584
0.0117915
0.0061744
0.0040344
0.0064167
0.0041215
0.0050194
0.0087893
0.0063419
0.0114709
0.0053656
0.0072029
0.0106683
0.0033006
0.0024102
0.0087409
0.002378
0.0012837
0.0078009
0.0014532
0.0026836
0.0011145
0.0073532
0.0034643
0.0119184
0.0069214
0.0062479
0.0044801
0.0010179
0.0125459
0.0043871
0.002416
0.0006523
0.0083912
0.0078085
0.0009637
1.18e-05
0.0004866
0.0029156
0.0008551
0.0007653
0.0003569
0.0035438
0.0024421
0.0013707
0.0016123
0.0068551
0.0025299
0.0120921
0.0057436
0.0010085
0.0054619
0.0020813
0.0045274
0.0061514
0.0016813
0.0050375
0.0017549
0.0075463
0.0042346
0.0065724
1.39e-05
5.39e-05
0.0089039
0.0066282
0.0027261
0.0154969
0.0083518
0.0014529
0.0099893
0.0102889
0.0024437
0.0061511
0.001609
0.0031674
0.0053477
0.0042557
0.0070746
0.0017329
0.0001982
0.0070223
0.0033078
0.0059106
0.0069677
0.0055287
0.0016523
0.0013567
0.0062099
0.0018979
0.0123564
0.0061103
0.0044445
0.0028673
0.0109421
0.0063317
0.0045635
0.0013733
0.0025344
0.0016921
0.0065266
0.0054651
0.0105055
0.0021918
0.0048457
0.0029967
0.0016391
0.0065641
0.009726
0.0012353
0.0139516
0.002464
0.0067496
0.0105755
0.0119303
0.0038191
0.0048108
0.0110669
0.004547
0.0041233
0.0067016
0.0020067
0.0046582
0.0025665
0.0012211
0.0057852
0.0047337
0.0011201
0.0043325
0.0010515
0.0074141
0.0018478
0.0010308
0.0016009
0.0085831
0.0013398
0.0019805
0.0004213
0.0032536
0.0046438
0.0062259
0.0011443
0.0039654
0.0099681
0.0073176
0.0013465
0.00237
0.0127053
0.001535
0.0118009
0.0048736
0.0042551
0.0074956
0.0115814
0.0012297
0.0088633
0.0069845
0.0095645
0.0021214
0.0111276
0.0120882
0.0023506
0.0121605
0.009231
0.0077522
0.0072246
0.0012758
0.0046108
0.0036652
0.0126762
0.0033234
0.0123112
0.0121472
0.0136653
0.0018753
0.0017395
0.0069029
0.0041297
0.0013458
0.0059622
0.0012247
0.0030087
0.0145461
0.0041038
0.0021497
0.001084
0.0041249
0.0010104
0.0028338
0.0014343
0.0055416
0.0076588
0.0024887
0.0031374
0.0113178
0.0054587
0.0082131
0.0010734
0.0060088
0.0107986
0.0133231
0.0009414
0.0170181
0.0072557
0.0119109
0.0048906
0.0019721
0.0009903
0.0025922
0.0049349
0.0018961
0.0072706
0.0013115
0.0142446
0.0011339
0.0057669
0.0034263
0.0053462
0.0054734
0.0057129
0.0034362
0.0102203
0.0026717
0.0040405
0.0022947
0.0062924
0.0020871
0.0164078
0.0015072
0.0120211
0.0025299
2.8e-06
0.0066255
0.0010193
0.0069711
0.0042783
0.0078898
0.010903
0.0064679
0.0074893
0.0027443
0.0022824
0.0132272
0.0028431
0.0006474
0.0120222
0.0099743
0.0069644
0.0015607
0.0094555
0.0042488
0.0096082
0.0045316
0.0043383
0.0083171
0.0016134
0.0016072
0.0073972
0.0077067
0.0012183
0.0043722
0.0019338
0.0133397
0.0130364
0.0057388
0.0012362
0.0051559
0.0015709
0.0152851
0.0162884
0.011416
0.0032054
0.001962
0.0089798
0.0020252
0.0023939
0.0015779
0.0129567
0.0015463
0.0016226
0.0129052
0.0058851
0.0015453
0.0010578
0.0017597
0.0059639
0.0052378
0.0014539
0.008013
0.0083079
0.0053143
0.000968
0.0094316
0.0067159
0.0055894
0.0075694
0.0035481
0.0019763
0.004454
0.0009087
0.0113131
0.0070308
0.0028865
0.0133292
0.0014085
0.0015916
0.0026989
0.0010942
0.0090708
0.0138786
0.013826
0.0065772
0.0094864
0.0064112
0.0027816
0.0067536
0.0012788
0.0019151
0.0068293
0.0039497
0.0084643
0.0093647
0.0071689
0.007696
1.95e-05
0.0115256
0.0015161
0.001941
0.000944
0.0058142
0.00238
0.0009959
0.0064226
0.0071052
0.0073995
0.0119729
0.0047949
0.001506
0.003508
0.0014031
0.0001897
0.0033823
0.0061653
0.0041478
0.0016539
0.0010774
0.002429
0.00236
0.0048238
0.0058373
0.0014725
0.0058328
0.0032749
0.0019719
0.0076437
0.0085679
0.0067938
0.0002798
0.0048356
0.0079257
0.0041613
0.0073515
0.0120786
0.0012629
0.0041791
0.0045788
0.0150211
0.0007965
0.0026695
0.0183799
0.0065887
0.006424
0.0045228
0.0028633
0.0065704
0.0049322
0.0026722
0.0046798
0.0033304
0.0066381
0.0012263
0.0041863
0.0040313
0.0032387
0.001315
0.0094721
0.0044613
0.001257
0.0048606
0.0093214
0.0030744
0.0019695
0.0114846
0.003518
0.0009643
0.0013616
0.0023419
0.0018784
0.0009241
0.0011848
0.0045965
0.0020406
0.004925
0.0141836
0.0061966
0.0064799
0.0063892
0.0012401
4.9e-05
0.0019605
0.0090003
0.002518
0.0101845
0.0018574
0.0041688
0.0026964
0.0009313
0.0066333
0.0073439
0.0055191
0.0119718
0.0014472
0.0077111
0.0091725
0.0094699
0.0050434
0.0009159
0.0043345
0.0031707
0.0061433
0.0030062
0.004159
0.0005208
0.0138069
0.0038406
0.0035882
0.0061174
0.0096114
0.0010705
0.0062879
0.0063652
0.0018493
0.0048225
0.005617
0.0041788
1.44e-05
0.0049092
0.0006651
0.0041222
0.0015945
0.0124778
0.000966
0.0058697
0.0103744
0.0093887
0.0002791
0.0119209
0.0015565
0.0058992
0.0061801
0.0085613
0.002059
0.0052889
0.0090267
0.0062415
0.0036553
0.0010813
0.0103641
0.0017177
0.0063682
0.0011065
0.0027556
0.0028317
0.0016425
0.0017731
0.0009121
0.0035691
0.0039337
0.0022907
0.001463
0.0042107
0.0067242
0.0041339
0.010343
0.0126923
0.0066797
0.0082021
0.002757
0.0069968
0.0081741
0.0019541
0.001307
0.004915
0.0060929
0.0061003
0.0083489
0.001361
0.0058779
0.0115537
0.0054705
0.0043375
0.0062579
0.0074688
0.0028843
0.0079108
0.0055088
0.0012695
0.0069559
0.0039004
0.0017392
0.0046881
0.0009884
0.0079
0.0035822
0.0015093
0.0076771
0.0066055
0.0018398
0.0017627
0.0032566
0.0009698
0.0032028
0.0045609
0.0003369
0.0040571
0.0046922
0.000957
0.0056319
0.0083549
0.003019
0.0008678
0.0088038
9.02e-05
0.003883
0.0015543
0.0008614
0.005874
0.002652
0.0011596
0.0042728
0.0065218
0.0057179
0.0069886
0.0088115
0.0045562
0.0066241
0.006598
0.0010641
0.0015334
0.0041528
0.0017551
0.000988
0.0044897
0.013465
0.0064292
0.007874
0.0069561
0.0008232
0.0009431
0.0015889
0.0023863
0.0009991
0.003795
0.0017976
0.0023073
0.0081565
0.0079819
0.0040418
0.002438
0.0071137
0.0021656
0.0001092
0.0025336
0.0105613
0.006472
0.0037207
0.0052282
0.0015958
0.0041158
0.0075118
0.0015603
0.0011022
0.0107638
0.0042958
0.692729
