0.0009246
0.0050793
0.00409
0.0059646
0.0020452
0.0008733
0.0011843
0.0011082
0.0012332
0.0049686
0.0047325
0.0068098
0.0044992
0.0038899
0.006369
0.00236
0.0052411
0.000646
0.0054094
0.0009054
0.0083345
0.0044575
0.0042197
0.0014751
0.0047517
0.0008665
0.0040157
0.0037112
0.0045794
0.0008644
0.0038254
0.0096831
0.0046901
0.0008907
0.0027769
0.0019436
8.68e-05
0.0047644
0.0038821
0.0029652
0.0013819
0.0066614
0.0017927
0.0047862
0.0041806
0.0013357
0.0055263
0.0044794
0.0038538
0.0058055
0.0047651
0.0003041
0.0040302
0.0023468
0.0010105
0.0073695
0.0040826
0.0017374
0.0002035
0.0015619
0.0014125
0.0060785
0.0064776
0.0015886
0.0064534
0.0013121
0.0009588
0.0025469
0.0055092
0.0010597
0.0045785
0.0055078
0.0025707
0.0038582
0.0008627
0.000142
0.0022526
0.0077096
0.001415
0.0009559
0.0009873
0.0050993
0.0037478
0.0060137
0.0065908
0.0083766
0.0008698
0.0042971
0.0056054
0.0008683
0.006962
0.0008862
0.0011223
0.0063386
0.0013812
0.00641
0.0022163
0.0080183
0.0055703
0.0069709
0.0017156
0.0008308
0.0013971
0.0011448
0.0038281
0.0025471
0.0043191
0.0037464
0.0039648
0.0066339
0.0079221
0.0011046
0.0052443
0.0008091
0.0036273
0.0013654
0.0008322
0.0045681
0.0037711
0.0097563
0.0008708
0.0026344
0.0003397
0.0009665
0.0030289
0.0082738
0.0049818
0.0032573
0.0037306
0.000933
0.0008678
0.0043268
0.0014171
0.0060498
0.0010668
0.0048882
0.0008371
0.0049629
0.002947
0.0026197
0.0054149
0.0058428
0.0053704
0.0031407
0.0008873
0.0035319
0.001675
0.0039559
0.0074272
0.0008409
0.0040284
0.0018062
0.0010222
0.0041327
0.0077668
0.0008459
0.0027275
0.0067642
0.0045528
0.00056
0.0060609
0.0012163
0.0008271
0.0025593
0.0038806
0.0033338
0.0020127
0.0054984
0.0013543
0.0080495
0.0039161
0.0054765
0.0054162
0.0039972
0.0038951
0.0075544
0.0008405
0.0039756
0.0022581
0.0046552
0.0013176
0.005852
0.001973
0.0031294
0.000847
0.0008373
0.0002472
0.0004242
0.004154
0.0053513
0.0016334
0.0022954
0.000843
0.0056353
0.0040252
0.0041757
0.0008604
0.0047781
0.00441
0.0008296
0.0021186
0.0044941
0.0008756
0.0009452
0.0014255
0.0008277
0.0031031
0.0036998
0.00418
0.0067817
0.0029624
0.004834
0.0017351
0.0014092
0.0011548
0.0061561
3.5e-05
0.0081228
0.0037738
0.0064708
0.0009226
0.0048926
0.0070453
0.0043234
0.0036351
0.002981
0.0079381
0.0032199
0.001637
0.0037761
0.0030198
0.0044225
0.006574
0.0036493
0.0009368
6.2e-06
0.0038594
0.0055287
0.0060809
0.0009315
0.0063936
0.0010379
0.0033931
0.004256
0.0016289
0.0037046
0.0007984
0.0069875
0.0069662
0.0010573
0.0061538
0.0036885
0.0035848
0.0064312
0.0060996
0.0035757
0.0046968
0.0040836
0.0022738
0.0002622
0.003888
0.0036034
0.0013724
0.0043929
0.004879
0.005888
0.0040475
7.69e-05
0.0041977
0.0011836
0.0010083
0.0023519
0.0006541
0.0036798
0.0050166
0.0004881
0.0008326
0.0064426
0.0008112
0.0009406
9.7e-05
0.0013158
0.0008335
0.0008527
0.0041102
0.0011097
0.0059195
0.0019631
0.008584
0.0030036
0.0013415
0.0057676
0.0007922
0.006245
0.0025097
0.006245
0.0036507
0.0008834
0.0038918
0.0008504
0.0055937
3.78e-05
0.0041985
0.0054631
0.0059566
0.0027954
0.0045419
0.0027879
3.07e-05
0.0052998
0.0044447
0.0028068
0.0012773
0.0036565
0.001228
0.0055047
0.0086768
0.0045001
0.0010521
0.0009807
0.0054785
0.0065244
0.0019347
0.006223
0.0054831
0.0008939
0.0037911
0.0059366
0.0015299
0.0011614
0.008007
0.0047766
0.0036636
0.0045988
0.0055559
0.0060989
0.0009434
0.0022432
0.0053759
0.0027873
0.0018142
0.0012157
0.0012855
0.0025601
0.0020179
0.000821
0.0059239
0.0040054
0.0034242
0.0008783
0.001265
0.0044149
0.001173
0.0074186
0.0099446
0.0041866
0.0031995
0.0022282
0.0074965
0.0037315
0.0045065
0.0055605
0.0008267
0.0034808
0.001521
0.0055293
0.0068114
0.0022248
0.0010381
0.00162
0.0016929
0.0057522
0.0059297
0.0008356
0.0061626
0.0011314
0.0056934
0.0008567
0.0041531
0.0052255
0.0055812
0.0072779
0.0037935
0.0029143
0.0008616
0.001744
0.0056443
0.0024435
0.0021681
0.0035879
0.0015363
0.0031483
0.0026806
0.0053554
0.0022542
0.006949
0.00558
0.0019102
0.0054095
0.0067291
0.0008515
0.0078238
0.0008843
0.0013572
0.0046626
0.0095489
0.0027546
0.0059267
0.0006353
0.0080517
0.0038801
5.42e-05
0.0059581
0.0048507
0.0046446
0.0011625
0.0057091
0.0012155
0.0064846
0.0053657
0.0025517
0.0041815
0.0036316
0.0029981
0.0092366
0.0035778
0.0062328
0.0031616
0.0059097
0.0093185
0.0026451
0.0018034
0.0063947
0.0020188
0.0008772
0.0062971
0.0008495
0.0010135
0.0010027
0.0044135
0.0020828
0.0061343
0.004344
0.0039576
0.0038527
0.0015694
0.0063995
0.0017321
0.0013718
0.0005779
0.0066651
0.00612
0.0008754
9.5e-06
0.0004332
0.0014533
0.0007006
0.0012668
0.0003154
0.0019304
0.002133
0.0011687
0.0008802
0.0036538
0.0021723
0.0082187
0.0054752
0.0008603
0.0036985
0.0018115
0.0039652
0.0038006
0.0008636
0.0039979
0.0010037
0.0041136
0.0045794
0.0056027
1.04e-05
3.38e-05
0.0059895
0.0039496
0.0010119
0.0093474
0.0050096
0.0008745
0.0063211
0.0057479
0.0015467
0.0065464
0.0008322
0.0009505
0.0046915
0.0032238
0.0050277
0.0009613
0.0001228
0.0042218
0.0019205
0.0052401
0.0036453
0.0030834
0.0008772
0.0006733
0.0057874
0.0007388
0.0067808
0.0040137
0.0040473
0.001588
0.0063047
0.004685
0.002679
0.0009291
0.0015163
0.0015247
0.0038955
0.0031603
0.004922
0.0025094
0.0041644
0.0017637
0.0008146
0.0045742
0.0079461
0.0010638
0.0095766
0.0018328
0.0058437
0.0057792
0.0069299
0.0022395
0.0038187
0.0066169
0.0018331
0.0035567
0.0042189
0.0018153
0.0038395
0.0022069
0.0011281
0.0045094
0.0042135
0.0008774
0.0018878
0.0007919
0.0054484
0.0010766
0.0008789
0.0008432
0.0049892
0.0015283
0.0017801
0.0003683
0.0020038
0.0037984
0.0044563
0.0006497
0.0013197
0.00596
0.0038371
0.0008567
0.0013014
0.0067586
0.0013666
0.0055219
0.004111
0.0036053
0.0041938
0.0075374
0.000945
0.0071052
0.0036246
0.0046678
0.0013443
0.0073209
0.0042357
0.0024441
0.0061551
0.0077459
0.006997
0.0059965
0.0011834
0.0036656
0.0021359
0.0063702
0.0026429
0.0082509
0.0063157
0.0071145
0.0010841
0.0009341
0.0043225
0.0036936
0.0007862
0.0040075
0.0011198
0.0024184
0.0082658
0.0037326
0.0012376
0.0009802
0.0024013
0.0008267
0.0017142
0.0007615
0.0049485
0.0042059
0.0021305
0.0027717
0.0062243
0.0040705
0.0075835
0.0008991
0.0037695
0.0068674
0.007972
0.0008223
0.0098857
0.0040724
0.007817
0.0042261
0.0016756
0.0008376
0.0017248
0.0042846
0.0010565
0.0047549
0.0010855
0.0097593
0.0006392
0.0038808
0.0030677
0.0041882
0.0047776
0.0037487
0.0032849
0.0064503
0.0009174
0.0018999
0.0013856
0.0074448
0.0010437
0.0070421
0.0023011
0.0077184
0.0014498
1.5e-06
0.0058866
0.0008636
0.0060684
0.0034747
0.0048966
0.0082126
0.0058759
0.0068569
0.0016433
0.0013204
0.0060121
0.0026591
0.0005884
0.0061219
0.0056308
0.0041757
0.0008758
0.0084417
0.003683
0.0089898
0.0041709
0.0037815
0.0055866
0.0008871
0.0008616
0.0065074
0.0046095
0.0008212
0.0036004
0.0015474
0.0075471
0.0087946
0.0032864
0.001062
0.0023433
0.0014101
0.0095459
0.0100333
0.0057505
0.0021093
0.0010914
0.0080028
0.0020433
0.0022972
0.0009233
0.0053491
0.0008346
0.0010713
0.0061395
0.0036356
0.0008813
0.0009515
0.0014742
0.0029139
0.0032049
0.00073
0.0049372
0.0067775
0.0045142
0.0008617
0.0059783
0.0037628
0.0035723
0.0048702
0.0017915
0.0009994
0.0039432
0.0007841
0.0065753
0.0043588
0.0016998
0.0063867
0.0010031
0.0007958
0.0020162
0.0009923
0.0055534
0.0069122
0.0064339
0.0049512
0.0069075
0.00432
0.0008539
0.0060427
0.0015057
0.0007412
0.0045661
0.0014711
0.004888
0.0055247
0.0044428
0.0072496
1.12e-05
0.0062672
0.0007897
0.001573
0.0016869
0.0047935
0.00205
0.000855
0.0063629
0.0051187
0.0060395
0.006474
0.0029593
0.0008325
0.001683
0.0010914
0.0001346
0.001429
0.0042057
0.002062
0.0013096
0.0009236
0.0010089
0.002207
0.0044808
0.0056633
0.0008838
0.0050998
0.002845
0.0012507
0.0060125
0.0077562
0.0073436
0.0002502
0.0029053
0.0046783
0.0036316
0.0077731
0.0094739
0.0010128
0.0040652
0.004168
0.0088371
0.0004535
0.0016482
0.0113211
0.0059125
0.0048079
0.0036546
0.0029497
0.0044392
0.0034379
0.0023851
0.0038251
0.00306
0.0056949
0.0010894
0.0039564
0.0037673
0.0020145
0.0008758
0.0067589
0.0038826
0.00108
0.0041642
0.0081628
0.0017915
0.0008538
0.0064805
0.0027402
0.0008405
0.0012395
0.0021074
0.0019176
0.0008907
0.0009076
0.0043544
0.0016705
0.0042967
0.0063925
0.0037583
0.0042506
0.0038871
0.0009158
2.99e-05
0.0013406
0.0083546
0.0022059
0.0073984
0.0016772
0.004514
0.0028644
0.0007857
0.006214
0.0083258
0.005101
0.0061798
0.0009064
0.0034979
0.0080104
0.0065045
0.0044585
0.0015572
0.0037871
0.0029838
0.0048665
0.0027618
0.0042571
0.0006933
0.0094281
0.0029974
0.0032258
0.0038178
0.0071447
0.0008567
0.0059232
0.0040984
0.0013146
0.0046546
0.003511
0.0040053
1.34e-05
0.0049421
0.000569
0.0038041
0.001435
0.0084141
0.0008511
0.0040129
0.0064217
0.0053583
0.0002517
0.0071744
0.0010598
0.0030239
0.0038559
0.0083261
0.0008783
0.0042837
0.0044286
0.0048616
0.003253
0.0009945
0.0093099
0.0009967
0.005742
0.0009202
0.0025315
0.0017038
0.0008156
0.0008739
0.0009634
0.0034398
0.0037914
0.0023291
0.0020136
0.0040039
0.0056111
0.0041893
0.0061182
0.0079666
0.0055804
0.0065698
0.0026357
0.0062381
0.0038543
0.0015508
0.0011934
0.0049303
0.0055797
0.006551
0.0057691
0.002911
0.0038065
0.0079953
0.0043397
0.0037554
0.005659
0.0049974
0.0014334
0.0089911
0.0037936
0.0011166
0.0062598
0.0037748
0.0015706
0.0044446
0.0009763
0.0045983
0.0024706
0.0014582
0.0051392
0.0055706
0.001721
0.0008518
0.0031341
0.0008202
0.001726
0.0039523
0.0003156
0.0037854
0.003983
0.0008305
0.0052787
0.0075292
0.0026978
0.0009396
0.0085991
8.01e-05
0.003539
0.0013206
0.0008601
0.0041811
0.0015519
0.0009802
0.003937
0.0063991
0.0048658
0.00652
0.0061881
0.004028
0.005764
0.0064759
0.0010069
0.0009622
0.0038968
0.0014927
0.0008835
0.0039092
0.0052522
0.0041058
0.0056759
0.005746
0.0007298
0.0014913
0.0008747
0.0021133
0.0008887
0.0038332
0.0016987
0.0012736
0.0072173
0.0057252
0.0038458
0.0022869
0.004241
0.0008316
0.0001017
0.0024701
0.0096193
0.0060543
0.0026341
0.0046582
0.0009131
0.0041051
0.0058652
0.0008315
0.0009844
0.0094705
0.0040006
1.71034
