0.0010456
0.00482
0.0042961
0.0059855
0.001991
0.0008438
0.0010051
0.0012642
0.0011763
0.0050906
0.0052408
0.0073824
0.0049932
0.003882
0.0067416
0.0025358
0.0046003
0.0007622
0.0046597
0.0008847
0.0084296
0.0041298
0.004121
0.0015002
0.004833
0.0008722
0.0041593
0.0036717
0.0038075
0.0009871
0.0037968
0.009765
0.004742
0.0009126
0.0027911
0.0020045
8.42e-05
0.0040528
0.0035999
0.0029944
0.0013484
0.0064095
0.0019013
0.0045544
0.0039038
0.0013025
0.0052445
0.0043843
0.0037131
0.0054986
0.0046969
0.0002698
0.0038397
0.0025261
0.0009958
0.0062775
0.0040635
0.0017011
0.0002042
0.0013889
0.0014469
0.0056015
0.0059498
0.0015052
0.0063105
0.0013421
0.0009233
0.0022268
0.0056597
0.0010865
0.0044882
0.0055558
0.002605
0.0038732
0.0008765
0.000159
0.0022026
0.0078621
0.0013351
0.0009158
0.001024
0.0051471
0.0037965
0.0059911
0.005918
0.0083436
0.0007683
0.004699
0.005389
0.0010001
0.0059186
0.0009595
0.0011521
0.0061478
0.0013592
0.0060648
0.0023114
0.0076641
0.0053874
0.0068809
0.0015229
0.0008856
0.0015984
0.0009931
0.0036293
0.0028153
0.0044033
0.004133
0.0038349
0.0059059
0.0078368
0.0011168
0.0055768
0.0008302
0.0034913
0.0013312
0.0008466
0.0045716
0.0021315
0.0098944
0.0009896
0.0025496
0.0003333
0.0009838
0.0030605
0.008466
0.0048718
0.0032519
0.0037317
0.0008733
0.0008798
0.0042014
0.0014894
0.0059344
0.0010973
0.0047668
0.0008444
0.004851
0.0031834
0.0027222
0.0053984
0.0062142
0.0056212
0.0029607
0.0007888
0.0032988
0.001615
0.004473
0.0078088
0.0008752
0.0041035
0.0018929
0.001121
0.0041269
0.0074177
0.0009209
0.0028459
0.0055586
0.0045397
0.0005675
0.0058011
0.0013458
0.0008678
0.0028318
0.0039466
0.0030359
0.0020275
0.005623
0.0014768
0.0079923
0.0039978
0.0059334
0.0059225
0.004087
0.004041
0.0073482
0.0008279
0.0041512
0.0022967
0.0045947
0.0013524
0.0059029
0.0019229
0.0027489
0.0009421
0.0008766
0.0002415
0.0004225
0.0042099
0.0053608
0.0017059
0.0024057
0.0009701
0.0043587
0.0038258
0.0042306
0.000842
0.0047444
0.0046914
0.0010611
0.0018996
0.0043421
0.0009038
0.0008891
0.0012912
0.001013
0.003085
0.003559
0.0045662
0.0068092
0.0028947
0.0049885
0.001806
0.0020008
0.0014564
0.006609
3.55e-05
0.0097181
0.0037948
0.006538
0.0009961
0.0049533
0.0063074
0.004303
0.0037815
0.0031118
0.00809
0.0033004
0.0017003
0.0036606
0.0030545
0.0044893
0.0063454
0.0038724
0.0010307
6.1e-06
0.003787
0.0053564
0.0062719
0.001041
0.0045045
0.0011775
0.0035958
0.0040615
0.0017442
0.0035112
0.0009313
0.0062368
0.0070895
0.0010079
0.0064361
0.0038518
0.0036037
0.0059626
0.0061365
0.0036933
0.0046388
0.004072
0.0018986
0.0002619
0.003981
0.0037132
0.0011424
0.0047557
0.0049257
0.0059288
0.0041229
7.35e-05
0.004326
0.0012757
0.000988
0.0021423
0.0006626
0.0035988
0.005236
0.0004889
0.0008775
0.0062863
0.0008826
0.0010287
0.0001014
0.0013195
0.0009989
0.0008641
0.0039793
0.0010896
0.0059597
0.0020649
0.0085552
0.0025117
0.0012435
0.0056373
0.0008172
0.0061206
0.0026013
0.0058091
0.0038696
0.0008447
0.0038892
0.0007701
0.0057665
4.23e-05
0.004232
0.0051648
0.0059078
0.0024492
0.0043465
0.0026198
2.91e-05
0.0049644
0.0041236
0.002539
0.0011926
0.0035808
0.0011784
0.0052058
0.0087714
0.0039608
0.0009796
0.0009587
0.0057039
0.0055301
0.001844
0.0060273
0.0058478
0.0008754
0.0039391
0.0062074
0.0016317
0.0013427
0.0080123
0.0043825
0.0033759
0.0044813
0.0043907
0.0057073
0.0010377
0.0021203
0.004639
0.0018051
0.0015739
0.0012344
0.0011116
0.0020284
0.0016659
0.0010428
0.0059577
0.0037817
0.0033946
0.0009827
0.0010799
0.0042843
0.0011
0.0065284
0.0093273
0.0040301
0.0032299
0.0021369
0.0061196
0.0039113
0.0088071
0.0053055
0.0008177
0.003244
0.001231
0.0050859
0.0063069
0.0020597
0.0009381
0.0013811
0.0007997
0.0051877
0.0053321
0.0008123
0.0056955
0.0010012
0.0051635
0.0007538
0.0040675
0.0049012
0.0050576
0.0071333
0.0036302
0.0028683
0.0008249
0.0015198
0.0054709
0.0024294
0.002147
0.0033188
0.0015112
0.0023704
0.002371
0.005017
0.0020197
0.0064786
0.0050843
0.0017771
0.0052384
0.0059447
0.0009272
0.0075296
0.0009438
0.0013076
0.0045901
0.0092664
0.0022904
0.0054686
0.0006407
0.0073859
0.0036695
4.75e-05
0.0057542
0.0044264
0.0042854
0.0005097
0.0054841
0.0010898
0.0059974
0.0058876
0.0024555
0.0041435
0.0039573
0.0031204
0.0078219
0.0040091
0.0062104
0.0034493
0.0061681
0.009863
0.0028079
0.0014408
0.0067995
0.002114
0.0008676
0.0064457
0.0011021
0.0010756
0.0011393
0.0045679
0.0021673
0.006533
0.0049995
0.0040548
0.0039145
0.000862
0.0068234
0.0017998
0.0013071
0.0005953
0.0068786
0.0064007
0.0008403
1.05e-05
0.0004291
0.0014321
0.0007507
0.00073
0.0002992
0.0019016
0.0022809
0.0012937
0.0009237
0.003872
0.0021884
0.0097184
0.0046274
0.0010105
0.003848
0.0017701
0.0040255
0.0037276
0.0008132
0.0038659
0.000886
0.0040879
0.0043354
0.0062633
8.9e-06
3.05e-05
0.0050344
0.0040362
0.0010892
0.0095075
0.0053347
0.0008989
0.0058454
0.0059036
0.0016323
0.0050977
0.0008457
0.000978
0.0046771
0.0032652
0.0051327
0.0008854
0.0001227
0.0040096
0.0019342
0.0040472
0.0033848
0.0031298
0.0009263
0.0006913
0.0050509
0.0005091
0.0065373
0.0040167
0.0037078
0.0015311
0.0060973
0.0043433
0.0026278
0.0007632
0.0014651
0.0012271
0.0035889
0.0031632
0.0048518
0.002195
0.0041795
0.0018468
0.0009008
0.0043549
0.0071348
0.0010462
0.0095546
0.0016078
0.005117
0.0061872
0.0064288
0.0018891
0.0034953
0.0064057
0.0017661
0.003715
0.003937
0.0017939
0.0035878
0.0020922
0.0010319
0.0037628
0.0039521
0.000833
0.0016753
0.00074
0.0052245
0.0009
0.0009683
0.0008408
0.0049462
0.0012253
0.0016326
0.0004298
0.0021807
0.0040914
0.0043618
0.0006375
0.0013351
0.0056811
0.0041129
0.0008551
0.0012513
0.0069437
0.0015911
0.0053948
0.0040708
0.0044501
0.0042506
0.0058919
0.0009136
0.0059777
0.0030595
0.0047732
0.0008261
0.0080229
0.0041317
0.00179
0.0063924
0.0076496
0.0063005
0.0060027
0.001045
0.0035401
0.0018742
0.0057849
0.0027498
0.0072721
0.0062463
0.0069585
0.0010324
0.0008998
0.0039749
0.0038026
0.0007595
0.0038154
0.0010562
0.0022606
0.0076607
0.0037238
0.0011398
0.0010455
0.0023189
0.0009396
0.0017761
0.0006768
0.0048848
0.003811
0.0019049
0.0024444
0.0062141
0.0038895
0.0067756
0.0008801
0.0038313
0.0056184
0.0078093
0.0007911
0.0094613
0.0038811
0.0072411
0.0042853
0.0017063
0.0008124
0.0016558
0.0041326
0.001014
0.0044314
0.0009094
0.0094617
0.0008236
0.0038046
0.002997
0.0040078
0.0045424
0.0034655
0.0022877
0.0061175
0.0012638
0.0023014
0.0014232
0.0054513
0.0013474
0.0071305
0.0012906
0.007578
0.0014415
1.4e-06
0.0059019
0.0008528
0.0058379
0.0025219
0.0052104
0.0085355
0.0059066
0.0056995
0.001624
0.0013106
0.0063507
0.0025202
0.0006378
0.0063557
0.0058942
0.0041023
0.0008313
0.0082812
0.0037762
0.0084842
0.0042516
0.0036925
0.0054167
0.0008569
0.000829
0.0048252
0.004484
0.001031
0.0036415
0.0014931
0.0062457
0.0086617
0.0034198
0.0010645
0.0021791
0.0013093
0.0092973
0.0097457
0.0055231
0.0021472
0.001019
0.0075833
0.0016637
0.0021847
0.0009781
0.005422
0.0008749
0.0010299
0.0061048
0.0036704
0.00081
0.0009387
0.0013651
0.0029128
0.0029914
0.0008632
0.0047333
0.0065774
0.0049233
0.0008127
0.0056885
0.0035532
0.0035775
0.0049149
0.0016695
0.0010456
0.0039191
0.0008274
0.0065227
0.0046985
0.0020772
0.0065029
0.0011334
0.0009546
0.0020789
0.0009487
0.0060193
0.0073768
0.0067617
0.00426
0.0062934
0.0042091
0.000867
0.0062824
0.0012935
0.0009133
0.0041188
0.0014664
0.0043148
0.005242
0.0049911
0.0062955
1.13e-05
0.0062665
0.0007608
0.0010614
0.0008663
0.0048761
0.0021011
0.0008482
0.0058845
0.0050332
0.0064075
0.0069187
0.0027658
0.0008682
0.0017663
0.0011474
0.0002388
0.0013864
0.0038104
0.0020786
0.0013497
0.0008919
0.0011258
0.0020698
0.0042579
0.005338
0.0008087
0.0054528
0.0029956
0.0012765
0.0057488
0.0078042
0.0053677
0.0002357
0.0030591
0.0046995
0.0037754
0.0053912
0.0092439
0.0009317
0.0039132
0.0041139
0.008605
0.0004801
0.001663
0.0114787
0.0058842
0.0049734
0.0034959
0.0024943
0.0038276
0.0031627
0.00234
0.0035392
0.0030936
0.0050044
0.0009138
0.0042665
0.0035191
0.0018416
0.0008577
0.0053678
0.0041246
0.0009503
0.0038206
0.0071314
0.0018479
0.0008536
0.0064598
0.0020974
0.0009409
0.0011261
0.0019877
0.0018616
0.0008023
0.0009415
0.003839
0.0014582
0.0039894
0.0064088
0.003783
0.004227
0.0035384
0.0007918
2.78e-05
0.0008123
0.0077877
0.0023952
0.0066257
0.0015167
0.0042948
0.002378
0.0009201
0.0057616
0.0059174
0.004708
0.0062282
0.0007772
0.0035223
0.0076559
0.0061768
0.0043038
0.0010253
0.0036502
0.0026094
0.0049587
0.0032544
0.0036737
0.0006318
0.0061375
0.0025934
0.0028837
0.0036645
0.0066542
0.0008065
0.0056549
0.003483
0.0013518
0.0039014
0.0032992
0.0036873
1.43e-05
0.0046734
0.0005514
0.003673
0.0012978
0.0076464
0.0008728
0.00382
0.0063343
0.0050476
0.0002523
0.0060525
0.0008554
0.0031793
0.0037997
0.0077934
0.0008802
0.0043085
0.0041246
0.0040896
0.0034267
0.001102
0.0084249
0.0009069
0.005593
0.0009053
0.0023594
0.001624
0.0007373
0.000991
0.0007131
0.0032018
0.0036982
0.0019565
0.0012311
0.0038279
0.0053147
0.003942
0.0061846
0.007785
0.0057318
0.0070363
0.0023593
0.0056008
0.0038096
0.0018043
0.0014784
0.0042788
0.0056674
0.0058462
0.0052999
0.0010355
0.0037872
0.0076258
0.0036374
0.0037845
0.0051931
0.005104
0.0014804
0.0060216
0.0039682
0.0009865
0.006373
0.0039423
0.001469
0.0043142
0.0008515
0.0043445
0.002278
0.0013398
0.0049002
0.0053655
0.0016115
0.0008687
0.0029551
0.000727
0.0017413
0.0037231
0.0002764
0.0038089
0.0041928
0.0007673
0.0050145
0.0072609
0.002543
0.0007589
0.0076735
7.51e-05
0.0034657
0.0012213
0.0008513
0.0044277
0.0014083
0.0010041
0.0038151
0.0057644
0.0045945
0.0058876
0.005838
0.0041135
0.0057932
0.0059658
0.0012511
0.0010242
0.0038291
0.0016839
0.0009455
0.0040992
0.005591
0.003804
0.0055437
0.0057258
0.0008277
0.000826
0.0011938
0.0019607
0.0008381
0.003503
0.0016355
0.0011553
0.0072514
0.0054961
0.0034512
0.001943
0.0041066
0.0009004
9.63e-05
0.0024269
0.0093686
0.0057669
0.0023237
0.0049834
0.0008285
0.0037983
0.0054402
0.0008492
0.0010221
0.0096262
0.0037122
6.24354
