0.0008887
0.0048842
0.0042038
0.0061199
0.0019804
0.0008793
0.0010396
0.0011597
0.0011297
0.0050928
0.0044933
0.0066694
0.0042896
0.0039113
0.0064879
0.0022866
0.0046073
0.0006531
0.0041021
0.0009281
0.0076724
0.0041345
0.0041253
0.0015037
0.0045975
0.0008572
0.0049382
0.0049369
0.0059927
0.0008762
0.0051557
0.0093846
0.004764
0.0009968
0.0028179
0.0023219
8.69e-05
0.0041415
0.0037356
0.0030376
0.0014264
0.0065386
0.0017317
0.0047594
0.0041066
0.001354
0.005595
0.0044292
0.0038518
0.0060765
0.0050693
0.0002895
0.0039051
0.0022709
0.0012425
0.0065224
0.0040555
0.0015439
0.0001954
0.0020903
0.0014015
0.0057489
0.0063155
0.001501
0.0064311
0.0013127
0.0009356
0.0023128
0.0057108
0.0010958
0.0044957
0.0054397
0.0035365
0.0039224
0.0008294
0.0001338
0.0022936
0.0076459
0.0013984
0.0008499
0.0010092
0.005013
0.0037812
0.0057862
0.0061141
0.0084766
0.0008613
0.0044882
0.0060398
0.0013757
0.0062619
0.0010302
0.001205
0.0062217
0.0014532
0.0063244
0.0021918
0.0083497
0.0055254
0.0071605
0.0016327
0.0008754
0.0014798
0.0012213
0.0037614
0.0026405
0.0050824
0.0038456
0.0041441
0.0067484
0.0083037
0.0011832
0.0055415
0.0008938
0.0037903
0.0014173
0.000887
0.0046644
0.0023193
0.0096045
0.0009128
0.0027314
0.0003492
0.0010166
0.0030675
0.0085691
0.0050443
0.0033661
0.00369
0.0009242
0.0008698
0.0041955
0.0015034
0.0063655
0.0010382
0.0050086
0.0008352
0.004873
0.0030087
0.0028037
0.0066596
0.0057123
0.0058349
0.0033114
0.0008433
0.0035988
0.0016952
0.0039974
0.0074296
0.0009171
0.0040551
0.0018664
0.0010686
0.0053437
0.0074317
0.0009199
0.0028246
0.0058065
0.0043652
0.0005738
0.0054191
0.0014082
0.0008544
0.0034561
0.0042407
0.0031626
0.0022976
0.0060717
0.0014148
0.0082807
0.004248
0.0056439
0.0057955
0.0040072
0.0052125
0.0073746
0.000899
0.0040594
0.0022703
0.0054072
0.0013323
0.0057822
0.002039
0.0028871
0.0008425
0.0008328
0.0002515
0.0004201
0.0041058
0.0052398
0.0016503
0.0022866
0.0008489
0.0044355
0.003902
0.0041817
0.0011088
0.005272
0.0044901
0.0008728
0.0022168
0.0046751
0.000946
0.000985
0.0015237
0.0008563
0.0031425
0.0044458
0.0041492
0.0064386
0.0029819
0.004705
0.00173
0.0014962
0.0010806
0.0059812
3.65e-05
0.0081838
0.0039029
0.0067565
0.0009519
0.0049141
0.0071681
0.0056669
0.0038929
0.0030832
0.0082948
0.0031224
0.0016909
0.003565
0.0031167
0.0043224
0.0060759
0.003688
0.0009614
6.8e-06
0.0038917
0.0055051
0.0065066
0.0009217
0.0047708
0.0010951
0.0034598
0.0040889
0.0016396
0.0037441
0.0009116
0.0063719
0.0067425
0.0010162
0.0061474
0.0036553
0.0036097
0.0062238
0.0062035
0.0036502
0.0046589
0.004123
0.0018488
0.0002674
0.0040275
0.0037399
0.0012918
0.0047092
0.0048898
0.0060463
0.0041211
7.63e-05
0.0041334
0.0011718
0.0009776
0.0023038
0.0006764
0.0037901
0.005254
0.0004968
0.0008411
0.0064404
0.002195
0.0008978
0.0001025
0.001983
0.0008886
0.0008475
0.0040707
0.0010942
0.0063256
0.0019476
0.008428
0.0024051
0.0014915
0.0065017
0.0007586
0.0058562
0.0025429
0.0059522
0.0039433
0.0008368
0.0037727
0.000909
0.0056165
3.55e-05
0.0041679
0.0052208
0.0058997
0.0026342
0.0045857
0.002781
3.78e-05
0.0051609
0.0043686
0.0028592
0.0013303
0.0034445
0.0012674
0.0057454
0.008898
0.0041234
0.0011132
0.0017795
0.005606
0.0056011
0.0019375
0.0062025
0.0073021
0.0010582
0.004514
0.0063599
0.0017665
0.0012258
0.0084542
0.0047958
0.0037596
0.0044879
0.0047574
0.0057766
0.0008657
0.0020881
0.0049548
0.0020432
0.00169
0.0011999
0.0011514
0.0022808
0.0020273
0.00088
0.0059051
0.0038892
0.003659
0.0008372
0.0011456
0.0043541
0.0011308
0.0066134
0.0096318
0.0039513
0.0032445
0.0022263
0.0066273
0.0036758
0.0045587
0.0054342
0.001077
0.0034797
0.0013031
0.0060232
0.0072517
0.0023585
0.0010418
0.0015045
0.0008691
0.0054343
0.0056784
0.000851
0.006192
0.0012163
0.0056818
0.0008557
0.0042685
0.0048294
0.005761
0.00755
0.0038334
0.0032486
0.0009225
0.0017118
0.0057064
0.0024323
0.0024221
0.0036981
0.0015552
0.0025031
0.002731
0.0053059
0.0021043
0.0065137
0.0054731
0.0017301
0.0064219
0.0076761
0.0008372
0.0079695
0.00087
0.0014072
0.0045981
0.0090147
0.0023921
0.0059169
0.0005373
0.0077371
0.0052552
5.69e-05
0.006976
0.0048797
0.0049247
0.0006468
0.0062997
0.0012378
0.005918
0.0057428
0.002476
0.0043797
0.0037738
0.0028771
0.0078707
0.0037684
0.0060607
0.0033122
0.006901
0.0094659
0.0036498
0.0014447
0.0065234
0.0020488
0.0009694
0.0068186
0.0008453
0.0010965
0.0011711
0.0047381
0.0022791
0.0066551
0.0044694
0.0044617
0.003763
0.0009488
0.0066228
0.0017777
0.0013406
0.0006147
0.0067228
0.006174
0.0009286
1.38e-05
0.0004532
0.0026723
0.0007101
0.0006909
0.0002959
0.0020627
0.0022004
0.0012861
0.0009296
0.0038204
0.0021514
0.008443
0.004314
0.0008962
0.0038511
0.0018358
0.0057558
0.0062329
0.0017191
0.0040026
0.0009271
0.0041527
0.0040688
0.0055245
8.5e-06
3.61e-05
0.0049545
0.0045839
0.0010693
0.0089702
0.0051186
0.0008592
0.0059793
0.0055603
0.0015913
0.0052644
0.0008774
0.0009799
0.0044664
0.0034179
0.0050971
0.0008267
0.0001128
0.0045161
0.0020248
0.0041836
0.0039158
0.0031613
0.0008424
0.0007011
0.005203
0.0005804
0.0068015
0.0052361
0.0038982
0.0015174
0.0063363
0.0056718
0.0026424
0.000903
0.0015916
0.0013378
0.0037878
0.0032179
0.006813
0.001797
0.0043596
0.0018359
0.0008949
0.0045379
0.0071733
0.0011117
0.0098676
0.001829
0.006598
0.0056863
0.0067982
0.0021916
0.0040151
0.0064499
0.0019355
0.0036735
0.004423
0.0018453
0.003767
0.0022234
0.0018683
0.0039149
0.0042585
0.000893
0.001894
0.0008907
0.005682
0.0010677
0.0009377
0.0017899
0.0049426
0.0011379
0.0017139
0.0003632
0.0020115
0.003826
0.0051447
0.0006495
0.0013332
0.0063904
0.0040758
0.0009024
0.0013746
0.007807
0.0014857
0.0054253
0.0041685
0.0045024
0.0042476
0.0062218
0.0009557
0.0065319
0.0032214
0.0047126
0.0009225
0.007651
0.0042557
0.001853
0.006294
0.0082908
0.0064215
0.0059834
0.0011594
0.0040815
0.0021188
0.0060434
0.0027126
0.0079046
0.0062827
0.0071856
0.0011134
0.0009452
0.0042567
0.0038019
0.0008084
0.0039841
0.0011062
0.0022281
0.0077766
0.0056674
0.0015425
0.0025955
0.0023858
0.0009241
0.0016751
0.0008129
0.0050577
0.0039877
0.0021402
0.0025574
0.0062647
0.004146
0.0069638
0.000893
0.0038853
0.0065219
0.0077193
0.0011895
0.0105651
0.0049025
0.0078448
0.0043409
0.0017743
0.0008473
0.0016059
0.0043798
0.0011018
0.0045886
0.0010615
0.0095739
0.0006711
0.0046308
0.0031952
0.0042712
0.0049462
0.0044095
0.0034484
0.0062099
0.0009074
0.0020272
0.0014828
0.0057224
0.0010961
0.0067688
0.001383
0.0078945
0.0015073
1.5e-06
0.005757
0.0008685
0.0057508
0.0027414
0.0049162
0.0082605
0.0060357
0.0058655
0.0017072
0.0012811
0.0064274
0.0027038
0.0006566
0.0062722
0.0066126
0.0042548
0.0009198
0.0087429
0.0038313
0.0084015
0.0041273
0.0038286
0.0056677
0.0008536
0.000879
0.0048472
0.0045775
0.0008953
0.0036146
0.0016095
0.0061599
0.0086539
0.0032524
0.0010862
0.0024367
0.0013831
0.0094199
0.0097308
0.0059294
0.0020906
0.0010657
0.0082704
0.0017808
0.0022269
0.0008812
0.0060888
0.0008143
0.0013097
0.0063496
0.0037018
0.0008929
0.000996
0.0015685
0.0029553
0.0030241
0.0007826
0.004878
0.0066117
0.0043775
0.0008361
0.0058121
0.0038976
0.0037487
0.0045007
0.0018671
0.0010229
0.003993
0.0008239
0.0066432
0.004551
0.0017832
0.0061326
0.0011007
0.001436
0.00197
0.000978
0.0061968
0.0071155
0.0079242
0.0041367
0.0069176
0.0048347
0.000885
0.0073153
0.0011378
0.0007647
0.0041125
0.0022161
0.0044077
0.0054846
0.0045322
0.0065287
1.32e-05
0.0062217
0.0008653
0.0010621
0.0009071
0.0048317
0.00215
0.0008742
0.0061984
0.0049994
0.0066851
0.0072567
0.002865
0.0008191
0.0021256
0.0015977
0.0001392
0.0016847
0.0038454
0.0021664
0.0013918
0.0009808
0.0010612
0.0021084
0.0044752
0.0053487
0.0008864
0.004914
0.002722
0.0013936
0.0069788
0.0079053
0.005966
0.0002471
0.0028563
0.0045866
0.0035284
0.0061688
0.0095213
0.0010068
0.0048705
0.0041684
0.0086289
0.0004739
0.0016804
0.0111938
0.00622
0.0057031
0.0037051
0.002498
0.0043218
0.0037954
0.0024519
0.0036643
0.0032478
0.0051988
0.0010836
0.0052698
0.0038661
0.0020907
0.0009236
0.005771
0.0043134
0.0011201
0.0042207
0.0076096
0.0018997
0.0009166
0.0062047
0.0022015
0.000808
0.001273
0.0021537
0.001826
0.0009043
0.0009452
0.0039995
0.0016507
0.0041363
0.0066004
0.0039843
0.0044756
0.0037672
0.0008728
3.08e-05
0.0008991
0.0082626
0.003023
0.0068785
0.0017042
0.0038584
0.0025397
0.0008877
0.0061218
0.0062225
0.0047922
0.0059909
0.0009374
0.0036775
0.0077555
0.0066156
0.0043392
0.0009393
0.0039642
0.0029297
0.0051781
0.0028483
0.0038356
0.0005793
0.0066718
0.0030911
0.0033221
0.0040265
0.0071235
0.0008987
0.005986
0.0036487
0.001238
0.00404
0.0037483
0.0038807
1.42e-05
0.0047293
0.0005524
0.0038546
0.0014776
0.009126
0.0009505
0.0040189
0.0063854
0.0052782
0.0003132
0.0068338
0.0009027
0.0030217
0.0042257
0.0080026
0.0008992
0.0043537
0.0044627
0.004273
0.0033846
0.001091
0.0085577
0.0009929
0.0058166
0.0011216
0.0028424
0.0017528
0.0008399
0.0009624
0.0009297
0.0033294
0.0041104
0.00214
0.0013982
0.0039957
0.0057607
0.0039144
0.0061738
0.0082271
0.005627
0.0066733
0.0026155
0.0060359
0.0043274
0.0018725
0.0012045
0.0046278
0.0062048
0.0055829
0.005608
0.001221
0.0041373
0.0084071
0.0039946
0.0038622
0.0055883
0.0050829
0.0015268
0.0063703
0.0038747
0.0013066
0.0064328
0.0038741
0.0016466
0.0043501
0.0008533
0.004642
0.0026825
0.0015032
0.0050685
0.0055826
0.0018902
0.0010971
0.0031759
0.0008641
0.0018362
0.0040468
0.0004101
0.0039603
0.0044003
0.000842
0.0053263
0.0076861
0.0027874
0.0009143
0.0083072
8.08e-05
0.0039292
0.0013583
0.000985
0.0041179
0.0016382
0.0010047
0.0041853
0.0065248
0.0051914
0.0069898
0.0064223
0.0041177
0.0062855
0.0063105
0.0012918
0.001003
0.0040162
0.0015828
0.0009943
0.0039922
0.0054878
0.0041788
0.0056531
0.005985
0.0007862
0.0008834
0.0008638
0.0021992
0.0010445
0.0037614
0.001746
0.0011268
0.0081638
0.0056061
0.0038308
0.0021048
0.0045316
0.0008786
0.0001008
0.0025024
0.0099232
0.0058093
0.0025724
0.0047594
0.00091
0.0036686
0.0059808
0.0008908
0.001079
0.0097623
0.0039251
1.59382
