0.0010312
0.0045089
0.0040253
0.0058991
0.0020226
0.0009832
0.0009945
0.0011267
0.0011018
0.0050251
0.0045032
0.0076227
0.0043272
0.0039339
0.0060833
0.0022559
0.0041877
0.0006342
0.0041679
0.0009465
0.0074586
0.0040566
0.0039972
0.0014575
0.0042508
0.0008614
0.0036609
0.0035501
0.0038864
0.0008975
0.0049697
0.0085393
0.0043738
0.0010764
0.0028962
0.0018838
8.18e-05
0.0038023
0.0050241
0.00367
0.0013416
0.0061553
0.0017815
0.0045598
0.0042129
0.0013048
0.0052964
0.0042583
0.0035618
0.0059287
0.0044449
0.0002912
0.0036944
0.0022228
0.0010283
0.00603
0.0038785
0.0015242
0.000188
0.0022364
0.0014367
0.0069973
0.0056945
0.0014675
0.0059428
0.0013142
0.0009722
0.0022134
0.0055271
0.0010975
0.0044645
0.005238
0.0025089
0.003602
0.0008572
0.0001262
0.0024545
0.0072154
0.0013178
0.0008238
0.0010046
0.0048374
0.0035732
0.00573
0.0057565
0.0079697
0.0008735
0.0041622
0.0054817
0.0012979
0.0082121
0.0009936
0.0012037
0.0062278
0.0013646
0.0059768
0.0021496
0.0075727
0.0059852
0.0068166
0.0015636
0.0008884
0.0014123
0.0011462
0.0040361
0.0026432
0.004131
0.0039072
0.0038267
0.0056037
0.0075823
0.0010678
0.0052234
0.0008655
0.0038039
0.0014153
0.0008547
0.0048825
0.0023459
0.0094987
0.0009995
0.0027426
0.0003709
0.0009617
0.0032534
0.0083529
0.0048611
0.0031779
0.0036507
0.0008855
0.0008647
0.0042256
0.0014128
0.0058688
0.0011085
0.0046354
0.0008206
0.0047504
0.0029319
0.0025447
0.0054095
0.0054613
0.0054379
0.0033025
0.0008589
0.0034332
0.0031824
0.0044015
0.0070569
0.0008514
0.0038947
0.0018408
0.0010817
0.0040438
0.0072852
0.0008959
0.0025989
0.0054519
0.0042125
0.0005517
0.0050411
0.0012448
0.0008304
0.0028023
0.0038079
0.0038848
0.0021895
0.0053108
0.0019712
0.0073003
0.0040612
0.0055248
0.0050542
0.0037838
0.00377
0.0093658
0.0008821
0.003699
0.0026193
0.0042978
0.0013322
0.0056622
0.0019311
0.0027375
0.0008319
0.0008306
0.0002439
0.0004104
0.0041889
0.0054683
0.0016869
0.0023714
0.0008648
0.0044358
0.0037846
0.0041267
0.0010053
0.0047673
0.0042003
0.0008607
0.0021826
0.0043405
0.0009512
0.0009717
0.0014387
0.0008145
0.002982
0.0038219
0.0040542
0.0061055
0.0029843
0.0046681
0.0016925
0.001542
0.0010341
0.0055978
3.36e-05
0.0083758
0.0036471
0.0068004
0.0009548
0.0048006
0.0074749
0.0041892
0.0038053
0.003009
0.0073947
0.003348
0.0016333
0.003627
0.0031099
0.0041224
0.0058308
0.0056251
0.0010017
6.1e-06
0.0034991
0.0050972
0.0057323
0.0009539
0.0046053
0.0010354
0.0032582
0.0042706
0.0015429
0.0038447
0.0019232
0.0059575
0.0073062
0.0009849
0.0063493
0.0047758
0.0044123
0.0061962
0.0060493
0.0039626
0.0045866
0.0041664
0.0018698
0.0002638
0.0037516
0.0040537
0.0011758
0.0041995
0.0046704
0.0055343
0.0039728
7.34e-05
0.0039669
0.0011024
0.0010005
0.002208
0.0006635
0.0035148
0.0049937
0.0004835
0.000822
0.0065099
0.0008312
0.0008854
9.91e-05
0.001513
0.0008454
0.0008281
0.0040602
0.0010913
0.0057281
0.0018366
0.0087565
0.0023492
0.0013034
0.0061611
0.0013845
0.0056658
0.0024425
0.0056757
0.0035842
0.0008488
0.003502
0.0008851
0.0053812
3.53e-05
0.0041139
0.0052629
0.0056317
0.0025535
0.0042999
0.0027129
3.04e-05
0.0049901
0.0040552
0.0028117
0.0012676
0.0033624
0.0012066
0.006332
0.0085695
0.0039383
0.0010317
0.0008327
0.0051719
0.0051728
0.0018802
0.0066037
0.0053473
0.0008897
0.0034933
0.0070694
0.0015241
0.0011566
0.0079742
0.0044222
0.0035675
0.0042879
0.0045697
0.0053258
0.0008606
0.0020511
0.0047608
0.0020482
0.0016223
0.0011779
0.0011741
0.0021436
0.0019318
0.000845
0.0057435
0.0038351
0.0042253
0.0008385
0.0010659
0.0042366
0.0011085
0.0059678
0.0097403
0.0036725
0.0032828
0.0022157
0.0067428
0.0038729
0.0043727
0.0054287
0.0008644
0.0035619
0.0012478
0.0068794
0.0064625
0.0022365
0.0015562
0.0015926
0.0008499
0.0055726
0.0053743
0.0009244
0.0061157
0.0010877
0.0060868
0.0009185
0.0041286
0.0046071
0.0052848
0.0070868
0.0036091
0.0027653
0.0008665
0.0016675
0.0053812
0.0035506
0.0020826
0.0036004
0.0014838
0.0025281
0.0025253
0.0049368
0.0020489
0.0062812
0.0053059
0.0016475
0.0069009
0.0061888
0.0008467
0.0072507
0.0008509
0.0012944
0.0042932
0.0085186
0.0023078
0.0060895
0.0006771
0.0072683
0.0036462
5.51e-05
0.0058285
0.0049712
0.0044271
0.0005699
0.0058825
0.0011976
0.0058391
0.005842
0.0025132
0.0041565
0.0038057
0.002897
0.0099614
0.0035037
0.0058958
0.0031015
0.0056622
0.0094592
0.0035313
0.0013733
0.0060893
0.0019659
0.0008748
0.0064499
0.0015258
0.0009909
0.0009798
0.0044435
0.0020359
0.0055631
0.0041839
0.0041019
0.0035987
0.0008825
0.0061807
0.0016868
0.0012392
0.0005587
0.0063904
0.005785
0.0008192
1.08e-05
0.0004199
0.001406
0.0006866
0.0006504
0.0002997
0.001816
0.0023897
0.0012034
0.000835
0.0036325
0.0021004
0.0078527
0.0040562
0.00086
0.0035385
0.0018045
0.00412
0.003925
0.0008277
0.0038217
0.0009028
0.0039302
0.0035083
0.0054561
9.1e-06
3.28e-05
0.0048007
0.0037774
0.001029
0.0086108
0.0048232
0.0008103
0.0058371
0.0050788
0.0014682
0.0047865
0.0008416
0.0009327
0.0041952
0.003142
0.0044775
0.0008157
0.0001127
0.0038898
0.0019392
0.003891
0.0046408
0.0031102
0.0008438
0.0008414
0.0054708
0.0005959
0.0063401
0.0037955
0.0037653
0.0015315
0.0071213
0.0044376
0.0027119
0.0008782
0.0015854
0.0012295
0.0036306
0.0032102
0.0048661
0.0018288
0.0039
0.0017202
0.0008607
0.0043105
0.0068412
0.0010685
0.0088487
0.0017733
0.0055519
0.0083667
0.0065221
0.002144
0.0047317
0.0058718
0.0017643
0.0034273
0.0040253
0.0022519
0.0035317
0.0021044
0.0010414
0.0038345
0.0042569
0.0008651
0.0018663
0.0008643
0.0052939
0.0011012
0.0009197
0.0008429
0.0047835
0.001221
0.0016169
0.0003457
0.0020456
0.0037757
0.0040861
0.0006254
0.0012941
0.0054539
0.0036142
0.0008459
0.0012695
0.0062211
0.0014631
0.0050918
0.003917
0.0035573
0.0039845
0.0054994
0.0009153
0.0060451
0.0031539
0.0046731
0.000874
0.0072589
0.0053564
0.001781
0.006058
0.0074937
0.0061407
0.0056806
0.0010727
0.0036656
0.0020826
0.0055073
0.0029222
0.0078253
0.0081643
0.0068116
0.0010962
0.0009548
0.0040034
0.003651
0.0008256
0.0040106
0.0013429
0.0022224
0.0080068
0.0035106
0.0011269
0.0009187
0.0023976
0.0009771
0.0016451
0.0007669
0.0054382
0.00505
0.0021093
0.0027622
0.0059241
0.0038072
0.0079436
0.0008904
0.0036537
0.0061031
0.0075136
0.000796
0.009843
0.003891
0.0081501
0.0041106
0.0016841
0.0008313
0.0015996
0.0041614
0.0010724
0.0044008
0.0010092
0.0098705
0.0006288
0.0048496
0.0030154
0.0041184
0.0049609
0.0038128
0.0021676
0.0055567
0.0008798
0.0027969
0.00135
0.0051823
0.0010588
0.006491
0.0012709
0.0072299
0.0014259
1.4e-06
0.005914
0.0008795
0.0059109
0.002855
0.0051522
0.0081354
0.0058258
0.0054538
0.0016322
0.0012753
0.0079596
0.0026
0.0005685
0.0065045
0.0055126
0.0042465
0.0009294
0.0081585
0.0036005
0.0078958
0.0038395
0.0038551
0.0053452
0.0008866
0.0016282
0.0047859
0.0046037
0.0009462
0.0036274
0.0025226
0.0067641
0.0081642
0.0031059
0.0010303
0.0027174
0.0041053
0.0091212
0.009616
0.005302
0.002017
0.0009997
0.0077388
0.0016853
0.0020562
0.0009047
0.0052878
0.0008897
0.0011034
0.0058673
0.0035086
0.0008764
0.0009517
0.0014448
0.0028831
0.002919
0.0007459
0.0045805
0.0063613
0.004216
0.0008292
0.0056814
0.003612
0.0037313
0.0043468
0.0020181
0.0010222
0.0039296
0.0009449
0.0061699
0.0043551
0.0017108
0.0056608
0.0010652
0.0008671
0.0018353
0.0009305
0.0052164
0.006436
0.0063323
0.0039979
0.0059965
0.004248
0.000836
0.0057723
0.0011631
0.0007704
0.0038757
0.0023467
0.0041561
0.0048488
0.0045764
0.006142
1.12e-05
0.0056702
0.0007985
0.0009462
0.0008269
0.0044942
0.0021063
0.000781
0.005915
0.0046
0.0057278
0.0062195
0.0042613
0.001278
0.001702
0.0012629
0.0001392
0.0017071
0.0055868
0.0020569
0.0012919
0.0009176
0.001379
0.0020779
0.0042748
0.0053507
0.0008729
0.0052282
0.0026449
0.0012106
0.005359
0.0077384
0.0055668
0.0002415
0.0028306
0.0045364
0.0036622
0.0054564
0.008766
0.0010285
0.0036996
0.0065081
0.0082793
0.0004672
0.0023768
0.0104888
0.0055374
0.0048125
0.0045271
0.0023744
0.0037778
0.0032253
0.0024414
0.0035345
0.0029005
0.0049458
0.0010224
0.0039235
0.0036586
0.0019595
0.0008612
0.0053057
0.0037941
0.0010604
0.0039681
0.0072765
0.001767
0.0008485
0.0059853
0.0021121
0.0007958
0.0012436
0.0020771
0.0017138
0.0008609
0.0009157
0.0038531
0.0015939
0.003896
0.0062927
0.0036088
0.0039358
0.0037751
0.0008287
3.09e-05
0.0009475
0.0075436
0.0022328
0.006505
0.0015735
0.0036476
0.002348
0.0009059
0.0054092
0.00579
0.004648
0.006305
0.0009758
0.0037398
0.0079038
0.0061228
0.0041065
0.0008603
0.0038254
0.0027554
0.0047495
0.0027237
0.0039293
0.0004288
0.006364
0.0030417
0.0030225
0.003827
0.0091516
0.0008113
0.0062431
0.0034686
0.0011567
0.0038933
0.0033898
0.003751
1.46e-05
0.0066064
0.0005431
0.0037966
0.001541
0.0077704
0.000939
0.0040116
0.006261
0.0051459
0.0003172
0.0070414
0.000865
0.0029818
0.0038854
0.0081723
0.0008831
0.004013
0.0040524
0.0040844
0.004976
0.0010442
0.0081764
0.0009121
0.0057925
0.00103
0.0025835
0.001835
0.0009256
0.0009293
0.0008346
0.0033489
0.0039156
0.0021146
0.0013691
0.0040546
0.0059086
0.003703
0.0059898
0.007395
0.0053519
0.0064685
0.0025396
0.0057134
0.0039346
0.0014977
0.0011405
0.0056949
0.0058765
0.0062201
0.0055275
0.0020227
0.0039025
0.0075748
0.0036846
0.003633
0.0052223
0.0049717
0.0016101
0.0059205
0.003828
0.0015912
0.0059254
0.0036057
0.0015559
0.0041919
0.000876
0.0044822
0.0024709
0.0018836
0.0050118
0.0053958
0.0016788
0.0008175
0.0029786
0.0008165
0.0017695
0.0036287
0.0002918
0.0037567
0.0039368
0.0008242
0.0053205
0.0071515
0.0026107
0.0008435
0.0078665
7.99e-05
0.0034979
0.0012785
0.0008518
0.0038147
0.001554
0.0009085
0.0035811
0.0057786
0.0047615
0.0069173
0.0057634
0.003824
0.0072333
0.005784
0.0009469
0.0009228
0.0040875
0.0014195
0.0009537
0.0051122
0.0055568
0.0041634
0.0055289
0.0058112
0.0007283
0.0008161
0.001482
0.0020825
0.0008842
0.0034889
0.0016204
0.0011717
0.0069932
0.0054116
0.0036462
0.0021061
0.0041564
0.0008308
9.4e-05
0.0034031
0.0094941
0.0058266
0.0023146
0.0043568
0.0008735
0.0034425
0.0054374
0.0007726
0.0009564
0.0092599
0.0034949
1.60945
