0.0010112
0.0046018
0.0040916
0.006015
0.0019868
0.000931
0.0010362
0.0011484
0.0011569
0.0050701
0.0045467
0.0067131
0.0043673
0.0038877
0.0063436
0.0022863
0.0044321
0.000664
0.0041753
0.0009511
0.0079158
0.0044347
0.0042471
0.0015844
0.0045878
0.0008561
0.0038513
0.0037791
0.0038414
0.0013419
0.0037693
0.0090908
0.0050919
0.000907
0.002748
0.0020052
8.93e-05
0.0041019
0.0038043
0.0030407
0.001509
0.0069404
0.0028183
0.0048372
0.0039895
0.001324
0.0064015
0.0045676
0.0037297
0.0063755
0.0048157
0.0003031
0.0039243
0.0024177
0.0010602
0.0068523
0.0042983
0.0016736
0.0002056
0.0014365
0.0014445
0.0057132
0.0062316
0.0030854
0.0075893
0.0013511
0.0009115
0.0023165
0.0056094
0.0010893
0.0048772
0.0054629
0.0026256
0.0041447
0.0008851
0.0001377
0.0022138
0.0075788
0.0014076
0.000876
0.0014719
0.0050339
0.0037411
0.005979
0.0059798
0.0085319
0.0009334
0.0044678
0.0056138
0.0008846
0.0060139
0.0009764
0.0011749
0.0061224
0.0014368
0.0071012
0.0022937
0.0076539
0.0058985
0.0072819
0.0015925
0.0009767
0.0014631
0.0012005
0.0038703
0.0026452
0.0043985
0.0038044
0.0040106
0.0060479
0.0078382
0.0011642
0.005804
0.0008557
0.0041047
0.0018979
0.0009022
0.0046005
0.0023386
0.0094448
0.0009158
0.0026119
0.0003516
0.0009445
0.0030359
0.0081414
0.004985
0.0032987
0.0036585
0.000919
0.0008078
0.004622
0.0014427
0.0060292
0.001096
0.0049908
0.0008836
0.0049135
0.0030882
0.0026574
0.0067666
0.0080025
0.0078265
0.0045957
0.0009162
0.0036635
0.0017888
0.0042953
0.0075726
0.0008928
0.0044949
0.0018483
0.0011659
0.0042835
0.0075328
0.0009299
0.0030051
0.0058881
0.0043898
0.0005896
0.0055161
0.0013946
0.0008456
0.0026328
0.0037339
0.0029272
0.0020307
0.0058819
0.0015064
0.0083136
0.003937
0.0054962
0.0055858
0.0039924
0.0044141
0.0072467
0.0008906
0.0040481
0.0023298
0.0046202
0.0015931
0.0057993
0.0020924
0.0029371
0.0007894
0.0008369
0.0002501
0.0004932
0.0041806
0.0056259
0.0022181
0.0022866
0.0008884
0.0057982
0.0041476
0.0045513
0.0008591
0.0051413
0.0044067
0.0008563
0.0021853
0.0045249
0.0008817
0.000995
0.0014164
0.0008882
0.0030986
0.004358
0.0045884
0.0061636
0.0030553
0.0048797
0.0021133
0.0015435
0.0010966
0.0061798
3.63e-05
0.0085775
0.0038644
0.0072283
0.0009795
0.0049313
0.0065503
0.004312
0.0039731
0.0031237
0.0079629
0.003189
0.0018223
0.00376
0.0034251
0.0043699
0.0060467
0.0037774
0.0010576
7.1e-06
0.0037698
0.005512
0.0061124
0.000916
0.004768
0.0011075
0.0034018
0.0040466
0.0016912
0.0037786
0.0008731
0.0064731
0.007113
0.0010263
0.0063246
0.0038925
0.0039898
0.0066275
0.0058367
0.0048192
0.0056745
0.0045044
0.0023178
0.0002695
0.0041125
0.0037913
0.0013018
0.0057118
0.0055484
0.0062167
0.0041691
7.84e-05
0.0043382
0.001221
0.00105
0.0023227
0.0007102
0.0036962
0.0053856
0.0004966
0.0009859
0.0072645
0.000906
0.0010899
0.0001084
0.0015382
0.0015001
0.0011135
0.0039903
0.00123
0.0059282
0.0019164
0.0087961
0.0024619
0.0013987
0.006174
0.000773
0.0060781
0.0026987
0.005871
0.0038804
0.0008974
0.0037369
0.0009444
0.0060834
3.79e-05
0.0041779
0.0059489
0.0060892
0.0026692
0.0045749
0.0028562
3.21e-05
0.00511
0.0042668
0.0028381
0.001339
0.0036212
0.0012504
0.0058697
0.0087903
0.0042234
0.001115
0.0008842
0.0063451
0.0054975
0.0020076
0.0061661
0.0056075
0.0009255
0.0038385
0.0061775
0.0016064
0.0012467
0.008127
0.0046252
0.0037434
0.0045719
0.0048126
0.0057867
0.000867
0.0021866
0.0056899
0.0020722
0.0017041
0.0012428
0.0011582
0.0021689
0.0019665
0.0008477
0.0058909
0.0038486
0.0033442
0.0008064
0.0012089
0.0043991
0.0011754
0.0067541
0.009359
0.0038537
0.0032165
0.0022178
0.0066459
0.0036916
0.0045485
0.0054954
0.0008355
0.0034476
0.001372
0.0056642
0.0065581
0.0022462
0.000972
0.0015276
0.0008911
0.0053768
0.0057935
0.00089
0.0061106
0.0011919
0.0058849
0.0008621
0.0041472
0.0047934
0.0056291
0.0076682
0.0037663
0.0028406
0.000849
0.0015941
0.0057066
0.0024799
0.0021625
0.0036799
0.0015318
0.0025134
0.0027788
0.0052841
0.0021943
0.0065789
0.0054913
0.0017403
0.0052766
0.006313
0.0008525
0.0076324
0.0008931
0.0013366
0.0045466
0.009325
0.0023734
0.0058056
0.00057
0.007839
0.0038333
5.48e-05
0.007362
0.0047276
0.004587
0.0005616
0.0062618
0.0012941
0.0063963
0.0060764
0.0024565
0.004251
0.003648
0.0029356
0.0077442
0.0049096
0.0062565
0.0032697
0.005987
0.0093597
0.0030817
0.0014595
0.0066493
0.0020838
0.0008941
0.00619
0.000915
0.0010673
0.0010528
0.0045372
0.0020551
0.0059486
0.0043209
0.0039603
0.0037515
0.0009107
0.0064168
0.0017564
0.0013448
0.0005888
0.0065117
0.0060634
0.0008906
1.06e-05
0.0004569
0.0014431
0.0007392
0.0006994
0.0003069
0.0019246
0.0021298
0.001199
0.0008269
0.0040557
0.0023595
0.0083295
0.0059755
0.0008791
0.0038568
0.0018734
0.0045666
0.0042006
0.0011102
0.0039363
0.0009266
0.0041971
0.0039214
0.005652
8.7e-06
3.06e-05
0.0049047
0.0039793
0.0010144
0.0093586
0.0050864
0.000851
0.0069052
0.0068686
0.0015503
0.0050922
0.0008737
0.0009955
0.0043282
0.0033218
0.0052111
0.0009299
0.000115
0.0053346
0.002
0.0043126
0.0038888
0.0031291
0.000882
0.0006744
0.0062699
0.0005876
0.0067791
0.0039919
0.0041392
0.0015396
0.0065913
0.0046036
0.0026649
0.0008872
0.0015397
0.0013039
0.0041811
0.0036712
0.005047
0.0021527
0.0041118
0.0019681
0.0008995
0.0045521
0.0074208
0.0010553
0.0094402
0.0019101
0.006332
0.006907
0.0068438
0.0022259
0.0041602
0.0063253
0.0020105
0.0038152
0.0042083
0.0022422
0.0036729
0.0023527
0.001054
0.0038645
0.0041037
0.0008816
0.0018558
0.000914
0.006864
0.001081
0.0009829
0.0010125
0.004898
0.0013844
0.0017023
0.0003369
0.0020799
0.0039619
0.0044735
0.0006491
0.0013578
0.0062262
0.0041558
0.0008469
0.0018357
0.0067492
0.001454
0.0059839
0.0041662
0.0038464
0.0041344
0.0058337
0.0009603
0.0076316
0.0046119
0.0047483
0.0009065
0.0076731
0.0041807
0.0018224
0.0067898
0.0080813
0.0064575
0.0062782
0.0011801
0.003938
0.0021496
0.0064101
0.0027052
0.007693
0.0063918
0.0073262
0.0010919
0.0009093
0.0041469
0.0037142
0.0008194
0.004167
0.0010844
0.0022567
0.0077416
0.0055295
0.001346
0.0023229
0.002312
0.0008792
0.0017468
0.0014703
0.0052198
0.0041546
0.0022084
0.0025027
0.0061326
0.0040632
0.0073856
0.0008649
0.0038874
0.0062473
0.0079145
0.000901
0.0100363
0.0044076
0.0081322
0.0042368
0.0018844
0.0008063
0.001633
0.0044441
0.0010808
0.0045755
0.00104
0.0099553
0.0006532
0.0037887
0.0029724
0.0046809
0.0051278
0.0039879
0.0023079
0.006271
0.0011575
0.0020074
0.0014427
0.005597
0.0010891
0.0068653
0.0014374
0.007713
0.0016492
1.4e-06
0.0058157
0.0010325
0.005867
0.0030624
0.0050959
0.0083109
0.0060612
0.0058741
0.0017461
0.0013237
0.0062228
0.0025729
0.0005924
0.0062828
0.0058869
0.0042667
0.0008952
0.0083309
0.0038371
0.0087009
0.0040429
0.003861
0.0060171
0.0008613
0.001015
0.005339
0.0047633
0.0019618
0.0039963
0.0017334
0.0066189
0.0089597
0.0031973
0.001197
0.0023692
0.0014488
0.0092883
0.0099155
0.0057553
0.0020691
0.0010572
0.0078766
0.0018293
0.0021602
0.0008758
0.0056365
0.0008226
0.0011263
0.0063479
0.0040023
0.0011591
0.0009947
0.001568
0.0035473
0.0030383
0.0009971
0.0069546
0.0067396
0.0053542
0.002761
0.0060722
0.0037219
0.0040335
0.004636
0.0017607
0.0010327
0.0039449
0.0008055
0.0067092
0.0047945
0.0016747
0.0059112
0.0009994
0.0008695
0.0019555
0.0009795
0.0058646
0.0067688
0.0064793
0.0041361
0.006471
0.0043562
0.0008317
0.0059923
0.0011464
0.0007547
0.0041229
0.001577
0.004412
0.0054229
0.0045429
0.0066401
1.22e-05
0.0061917
0.0008816
0.0010241
0.0008939
0.0048894
0.0021427
0.0008745
0.0061653
0.0050505
0.0068156
0.0064939
0.0029157
0.000861
0.001757
0.0011772
0.0001364
0.0014545
0.0039011
0.0022143
0.0013595
0.000998
0.0010295
0.0021076
0.0045355
0.0055725
0.0008602
0.0049688
0.0027499
0.0012478
0.0052789
0.007542
0.0056099
0.0002389
0.0029677
0.0046166
0.0036978
0.0054953
0.0094706
0.0010159
0.0038223
0.0043193
0.008647
0.0004716
0.0016645
0.0111781
0.0079915
0.0056774
0.0036777
0.0025441
0.0038981
0.0035238
0.0023989
0.0037173
0.0031545
0.0052521
0.0010616
0.0040807
0.0040838
0.0020779
0.00091
0.0055711
0.0041713
0.0010805
0.0042837
0.007943
0.0022987
0.0008439
0.0062749
0.0021642
0.0008395
0.0012667
0.0021309
0.0017854
0.0009036
0.0009197
0.0041419
0.0017327
0.0040546
0.0066522
0.0039113
0.0044519
0.0037452
0.0008732
3.25e-05
0.0009039
0.0085094
0.0032161
0.0067739
0.001789
0.003818
0.0024941
0.0009083
0.0056544
0.0060822
0.0050284
0.0064267
0.0009715
0.0037892
0.0078918
0.0064828
0.0045022
0.0008866
0.0038527
0.0029676
0.004865
0.0027913
0.0037779
0.0004708
0.0065933
0.0031827
0.0032727
0.0039734
0.0073868
0.0008564
0.006596
0.0039138
0.0012686
0.0044148
0.0036886
0.0040522
1.58e-05
0.0048822
0.0005574
0.0041617
0.0015929
0.0082756
0.0010306
0.0040504
0.0065186
0.005519
0.000278
0.0068213
0.0008576
0.0031302
0.0040428
0.0080836
0.0009618
0.0043835
0.0044764
0.0044309
0.0033546
0.0010887
0.0090317
0.000965
0.0057145
0.0009767
0.0026016
0.0017578
0.0008654
0.0009155
0.0008257
0.003208
0.0037669
0.0022298
0.0013956
0.00389
0.0056439
0.0038417
0.0065977
0.007758
0.0067134
0.007199
0.002741
0.0063727
0.0039425
0.0016176
0.0012423
0.004797
0.0062224
0.0057991
0.0057254
0.0012329
0.0038728
0.0086023
0.0040677
0.0040681
0.0060048
0.0053827
0.001606
0.0067548
0.0040447
0.0011025
0.006292
0.0040768
0.0016571
0.0046907
0.0009138
0.0051352
0.0027015
0.0013877
0.0052819
0.005606
0.0019533
0.0008846
0.0031591
0.0009561
0.0018262
0.0038865
0.0003114
0.0041008
0.0041685
0.0008908
0.005451
0.0076521
0.0028194
0.0008326
0.0082078
8.35e-05
0.0038732
0.0013722
0.0008448
0.0043707
0.001703
0.0010351
0.0040399
0.006696
0.0054604
0.0068431
0.0061837
0.0045082
0.0057561
0.0063566
0.0010178
0.0009614
0.004149
0.0015906
0.0008837
0.0040582
0.0056933
0.0040812
0.0058515
0.0057893
0.0007874
0.0008703
0.0008912
0.0021383
0.000929
0.0036152
0.0017216
0.001145
0.0076333
0.0056185
0.0037942
0.0019458
0.0045982
0.0008614
0.0001048
0.0026311
0.0099067
0.0067728
0.0027198
0.0048441
0.000893
0.0038873
0.0058887
0.0008472
0.0011199
0.0101946
0.0042101
1.58865
