0.0008338
0.0044485
0.0042904
0.0065632
0.0021808
0.0009283
0.0010697
0.0016202
0.0011777
0.0055238
0.0047758
0.0075258
0.0045389
0.0040269
0.0118228
0.0037789
0.0070975
0.0012716
0.0063749
0.0014437
0.0082124
0.0044402
0.0044897
0.0016149
0.0053405
0.0011224
0.0044221
0.0038789
0.0046011
0.0024064
0.0063421
0.0148662
0.0052886
0.00103
0.0030022
0.0022434
9.42e-05
0.0045561
0.0039821
0.0030621
0.0016081
0.0101419
0.0030598
0.007746
0.0061435
0.0021962
0.0100475
0.0046119
0.0038587
0.0058729
0.0056535
0.0006261
0.0042416
0.002428
0.0011379
0.0080913
0.0054315
0.0016404
0.0002019
0.0014401
0.0015294
0.0081594
0.0060009
0.0015591
0.0074557
0.0014142
0.0010639
0.0029341
0.0077813
0.0011054
0.0047331
0.0061219
0.0044474
0.0060301
0.0014421
0.0002221
0.0037764
0.0115511
0.00343
0.0010285
0.0010232
0.0052099
0.0041589
0.0067097
0.0088594
0.008786
0.0009384
0.0044552
0.0070923
0.0032848
0.0097739
0.0015724
0.0019752
0.0080078
0.0025193
0.0106763
0.0032136
0.0113011
0.0102572
0.0114311
0.0023375
0.0014772
0.0021764
0.0013075
0.0039247
0.0064608
0.0070258
0.0057555
0.0061487
0.0093768
0.011558
0.0012056
0.005359
0.001461
0.0041379
0.0014621
0.000923
0.004699
0.0026245
0.0096152
0.0009087
0.0035816
0.0005249
0.0015892
0.0045339
0.0083197
0.0086114
0.0047901
0.0053445
0.0014622
0.0014389
0.0067562
0.0032032
0.0116853
0.0012188
0.0052348
0.0009037
0.0080327
0.0033337
0.0027623
0.0086408
0.0112597
0.0109741
0.0050826
0.0009942
0.0052169
0.0025714
0.0049995
0.0092057
0.0009006
0.0040494
0.0022895
0.0011645
0.0044553
0.0086839
0.0009295
0.0028419
0.0066653
0.0046728
0.0006232
0.0063035
0.0027447
0.0014255
0.0038043
0.0054475
0.0044815
0.003311
0.0079401
0.0034254
0.008386
0.0039962
0.0059311
0.006588
0.0055671
0.0061026
0.0115817
0.0014773
0.0040447
0.0030791
0.0046029
0.001413
0.0059977
0.0023332
0.0029398
0.0008737
0.000925
0.0002768
0.0004521
0.0044863
0.0076481
0.0028763
0.0034664
0.0014038
0.0074574
0.0057007
0.0071431
0.0014381
0.0073551
0.0048011
0.0008863
0.0022382
0.0067631
0.0015469
0.0025094
0.0020158
0.0008533
0.0032078
0.0049653
0.0064167
0.0115655
0.0067814
0.0074782
0.0030284
0.0022018
0.0012039
0.0066539
4.04e-05
0.0085956
0.0039628
0.0078578
0.0009867
0.0053052
0.0093165
0.0046302
0.0038459
0.0033346
0.0081833
0.0032917
0.0018293
0.0038397
0.0032582
0.0046133
0.0063858
0.0037646
0.0012764
6.9e-06
0.0068474
0.0068411
0.006298
0.0010123
0.0050775
0.0011835
0.0036698
0.0042745
0.0018553
0.0038571
0.0010035
0.0065619
0.0068698
0.0011031
0.0064063
0.003761
0.0086384
0.0108539
0.0110216
0.0037771
0.0048868
0.0043367
0.0020167
0.0002869
0.0037745
0.003907
0.0012686
0.0058897
0.0084768
0.0094129
0.0063149
0.0001277
0.0097117
0.0019732
0.0017643
0.0035287
0.0007033
0.0036777
0.0054041
0.0005255
0.0009674
0.0096609
0.0009683
0.0009994
0.0001067
0.0014447
0.000941
0.0009984
0.0060786
0.0037978
0.0105969
0.0032922
0.0088076
0.0025062
0.0014256
0.0060339
0.0008004
0.0078787
0.0026122
0.0061017
0.0042639
0.0009375
0.0039563
0.0010068
0.0061234
4.61e-05
0.0052977
0.0060389
0.0067556
0.0028707
0.0056525
0.0049599
5.19e-05
0.0082235
0.0044239
0.0029229
0.001345
0.0036003
0.0013273
0.0178337
0.0089373
0.0057795
0.001142
0.0009601
0.0056492
0.005791
0.0020303
0.0075585
0.0073242
0.0009543
0.0040374
0.0071325
0.0019292
0.001253
0.0087885
0.0054813
0.0056365
0.0055132
0.005173
0.0070761
0.0018299
0.0026032
0.0057325
0.0031116
0.0029036
0.0013117
0.0012763
0.0025619
0.0020215
0.0010245
0.0065338
0.0060817
0.0050399
0.0014439
0.0019327
0.0067505
0.0019577
0.0111369
0.0130858
0.0039587
0.0034268
0.0023714
0.0093641
0.0038159
0.0046149
0.0055861
0.0009019
0.003581
0.0014514
0.0057462
0.0081017
0.0034528
0.0009774
0.0015406
0.0014669
0.0082627
0.0085532
0.0009519
0.0061053
0.0011815
0.0057558
0.0009564
0.0042139
0.0080117
0.0116135
0.008751
0.0039423
0.0039633
0.0009477
0.0017823
0.0066097
0.0024714
0.0037406
0.0037765
0.0022025
0.0027478
0.0045002
0.0101062
0.0030074
0.0118928
0.0106451
0.0027961
0.0092808
0.0099784
0.000893
0.0119705
0.0015797
0.0022325
0.0075895
0.0147794
0.0037142
0.0111476
0.0009011
0.0091961
0.0039798
6.21e-05
0.0060842
0.0049404
0.0086483
0.0009298
0.0087526
0.0019456
0.007139
0.0080791
0.0027869
0.0043779
0.0039329
0.0033461
0.0136342
0.0049387
0.0078796
0.0032613
0.0060278
0.0097136
0.002952
0.0016021
0.0062667
0.0021135
0.0009464
0.0068983
0.0009359
0.0011719
0.0009954
0.0043435
0.0020141
0.0064665
0.0048155
0.0047948
0.0038072
0.0010357
0.0069227
0.0018463
0.0014763
0.0010921
0.0084096
0.008875
0.0009041
1.16e-05
0.0004909
0.0032451
0.0007528
0.0008556
0.0003245
0.0020977
0.0030334
0.0012905
0.0009069
0.0058607
0.0039142
0.0113805
0.0046712
0.0009985
0.0040024
0.0020027
0.0043006
0.0042811
0.0012012
0.0040771
0.0010323
0.0044172
0.0040125
0.0058321
9.3e-06
4.22e-05
0.005103
0.0041463
0.0013471
0.0105705
0.0056721
0.0010095
0.0092006
0.0058658
0.0017525
0.0074387
0.0014137
0.0018905
0.0045728
0.0034387
0.0058673
0.0009422
0.0001294
0.0044209
0.0021358
0.0043604
0.0044736
0.0031552
0.0009604
0.0007697
0.0104296
0.0008517
0.0146177
0.00611
0.0041289
0.0016298
0.0082543
0.0056079
0.0039904
0.0016376
0.0023689
0.0026397
0.0038285
0.003342
0.006302
0.0018591
0.0043673
0.0019354
0.0028193
0.004853
0.0093091
0.0011801
0.0127422
0.0019738
0.0056651
0.0060922
0.0090605
0.0022931
0.0042953
0.0068947
0.0020053
0.0037955
0.0043392
0.0019173
0.003783
0.00231
0.0010803
0.0051501
0.0044725
0.0013598
0.0019295
0.001051
0.0057071
0.0011833
0.0016887
0.0014415
0.00803
0.001796
0.0017733
0.0003684
0.0022387
0.0039394
0.0055294
0.0012066
0.003908
0.0106246
0.0054388
0.0014421
0.0021447
0.0065995
0.0014116
0.0055275
0.0039239
0.0041555
0.0055422
0.0178429
0.0015798
0.0081861
0.0042899
0.0050062
0.0015061
0.0082552
0.0046004
0.0019428
0.0128226
0.008472
0.0120431
0.0085187
0.0028319
0.0061387
0.0038433
0.0086031
0.0040614
0.0122618
0.0087736
0.0081803
0.0011495
0.0010623
0.005985
0.0043029
0.0009599
0.0042163
0.0011601
0.0024921
0.0092552
0.0055869
0.0020063
0.0015591
0.0039118
0.0019304
0.0025863
0.0012479
0.0076728
0.0055734
0.0030602
0.0040597
0.0107956
0.0060012
0.0121018
0.0013934
0.0054907
0.0093731
0.0093302
0.0010324
0.0106448
0.0039745
0.0076458
0.0042483
0.0018453
0.0007978
0.0016371
0.0041144
0.000972
0.0054756
0.0017696
0.015524
0.0011395
0.0054864
0.0046733
0.0070699
0.0082711
0.0057113
0.0034278
0.0100742
0.0017061
0.005839
0.0029147
0.0099698
0.0023819
0.0149732
0.0021206
0.0123251
0.0023595
2.4e-06
0.0109015
0.0009646
0.0072204
0.002813
0.0053059
0.0088823
0.0060306
0.0060897
0.0017467
0.0014208
0.0075308
0.0027168
0.0006502
0.0071206
0.005767
0.0044546
0.0009681
0.0130529
0.005505
0.008346
0.0041422
0.0039669
0.0057434
0.0015244
0.0015896
0.0073193
0.0074082
0.0013958
0.0037178
0.0018099
0.0063031
0.008922
0.0033847
0.0011691
0.0024589
0.0015083
0.0095315
0.0098667
0.0055122
0.0020741
0.0011002
0.0072765
0.0017663
0.0021124
0.0009203
0.0060876
0.0009971
0.0011865
0.0077082
0.0038278
0.0009053
0.0010779
0.001586
0.0031242
0.0077376
0.0014566
0.0073945
0.0114225
0.0068768
0.0016055
0.0102044
0.0074753
0.0053867
0.0082756
0.0045018
0.0018368
0.00612
0.0014527
0.0106568
0.0081039
0.0027571
0.0101146
0.0018223
0.0017033
0.0032068
0.0017217
0.0063003
0.0070469
0.0099021
0.0064412
0.0132924
0.0065031
0.0014512
0.0091781
0.0018065
0.0011435
0.0056509
0.0018002
0.0046869
0.0072915
0.0045547
0.0065899
1.25e-05
0.0092719
0.0012861
0.0011365
0.000909
0.0049244
0.0022147
0.0009342
0.0059375
0.0055618
0.0067025
0.0066644
0.0027681
0.0009941
0.0018101
0.0026661
0.0002636
0.0025944
0.0060014
0.003861
0.0028484
0.0016096
0.002128
0.0032806
0.0073246
0.0084454
0.0015482
0.0082434
0.0056699
0.0020213
0.00959
0.0120117
0.0116114
0.0003954
0.0044713
0.0073399
0.0041451
0.0057877
0.014223
0.001843
0.0054497
0.0065627
0.0135853
0.0007426
0.0026594
0.0172677
0.009818
0.0072316
0.005211
0.0026749
0.0064342
0.004627
0.0041443
0.0049788
0.0040676
0.0069864
0.001941
0.0043006
0.0043023
0.0021412
0.0010037
0.0061068
0.0042576
0.0012119
0.0046842
0.0081606
0.0020089
0.0009414
0.0060279
0.0023837
0.0009489
0.0013449
0.0021916
0.0018811
0.0009495
0.0018658
0.0049951
0.0035148
0.006649
0.0065145
0.0039647
0.0044294
0.0038952
0.0014695
3.25e-05
0.0022676
0.0097544
0.0039716
0.010607
0.0018668
0.0046279
0.0041309
0.0014483
0.0109921
0.0080218
0.0054826
0.0064986
0.0010261
0.0061145
0.0148718
0.0116205
0.0072261
0.0015937
0.0058502
0.0049586
0.0079887
0.0043099
0.0050707
0.0004958
0.0072168
0.0066573
0.0049391
0.0062343
0.0114789
0.0014617
0.0107266
0.0053801
0.0019241
0.0046859
0.0037679
0.0046723
2.13e-05
0.0078186
0.0008295
0.0053539
0.0021663
0.0124601
0.0009941
0.004116
0.0066626
0.0054789
0.0002894
0.0070781
0.0009665
0.0028722
0.0037897
0.007945
0.0010063
0.004633
0.0046965
0.0042709
0.0042807
0.0019804
0.0134811
0.0016429
0.0109632
0.0016586
0.00378
0.002827
0.001506
0.0014758
0.0010879
0.0034151
0.0039461
0.0030791
0.0014129
0.0046546
0.0127553
0.004032
0.011846
0.0085599
0.0075433
0.0072685
0.0035146
0.0117623
0.0060369
0.002353
0.003071
0.0047318
0.0064048
0.0083429
0.012511
0.0020532
0.003927
0.0081835
0.0039985
0.0039103
0.0072085
0.0053354
0.0018182
0.0074516
0.0040235
0.0011137
0.0062004
0.0041489
0.001684
0.0044462
0.0009668
0.0052136
0.0026843
0.0015168
0.0054546
0.0057278
0.0018713
0.0009384
0.0032838
0.0009202
0.0018953
0.0055312
0.0003573
0.0063118
0.0043001
0.0009527
0.0089241
0.0077977
0.0037733
0.0015428
0.0129132
0.0002009
0.0038599
0.0014174
0.0008885
0.0042525
0.0017156
0.0030147
0.0058069
0.0068333
0.0052632
0.0141813
0.0062688
0.0041689
0.0065786
0.0072072
0.0010658
0.0013332
0.0042956
0.0020576
0.0014827
0.0061418
0.0077813
0.004168
0.0061492
0.0067544
0.0008151
0.0009105
0.0008997
0.0023432
0.0009793
0.0038099
0.001795
0.0012459
0.0077094
0.0058176
0.003956
0.0022336
0.0046769
0.0009362
0.0001075
0.0026106
0.012532
0.0063392
0.0026281
0.0049693
0.0010957
0.0043075
0.005952
0.0008825
0.0014607
0.0151647
0.0060406
0.630609
