0.0009013
0.0042376
0.0038403
0.0055782
0.0020547
0.0008617
0.0009779
0.0011295
0.0010949
0.004845
0.0042888
0.006608
0.0043595
0.0036902
0.0065871
0.0022346
0.0041312
0.0006219
0.003977
0.0009161
0.0076905
0.0039113
0.0040009
0.0013966
0.0045587
0.0008696
0.0035902
0.0035946
0.0037415
0.0009134
0.0035006
0.0084402
0.0044433
0.0008978
0.0026003
0.0019076
8.19e-05
0.003852
0.0035812
0.0029059
0.0013572
0.0061196
0.0017708
0.0045252
0.003938
0.0013709
0.0052892
0.0043641
0.0036196
0.0055134
0.0045345
0.0003046
0.0037574
0.0022206
0.0010283
0.0060106
0.0038841
0.0015581
0.0001929
0.0013922
0.0014057
0.0052912
0.0056451
0.0014565
0.0066217
0.0012791
0.0009381
0.002232
0.0052676
0.0010079
0.0043513
0.0051708
0.0050898
0.0036583
0.0009115
0.0001301
0.0020766
0.0073235
0.0013551
0.0009316
0.000983
0.004721
0.0034157
0.0054867
0.0059422
0.0081039
0.0008815
0.0040857
0.00546
0.0008709
0.0057266
0.00091
0.0011306
0.00615
0.0013722
0.0060765
0.0021514
0.0076259
0.0054018
0.0067421
0.0015541
0.0008879
0.0014596
0.0010801
0.0034995
0.0026754
0.0044828
0.0036649
0.0045177
0.0057706
0.0075596
0.0011734
0.0050083
0.0008548
0.0036447
0.0014345
0.0008503
0.0044698
0.0023592
0.0096078
0.0009799
0.0026836
0.0003544
0.0010797
0.0029395
0.0078908
0.0046935
0.0031226
0.0037858
0.0008803
0.0008466
0.0046774
0.001485
0.0058887
0.0010303
0.0049812
0.0008151
0.007401
0.0029086
0.0037181
0.0054585
0.0066811
0.0057966
0.0040273
0.0008866
0.0033598
0.0016274
0.0040438
0.0070252
0.0008449
0.0037872
0.0017988
0.0010445
0.0038893
0.0075855
0.000857
0.002502
0.0053921
0.0041383
0.0005815
0.0052379
0.0012496
0.0008851
0.0025283
0.00349
0.0032565
0.0019342
0.0052873
0.0013593
0.0074529
0.0040214
0.0053338
0.0053802
0.003804
0.0038229
0.0068008
0.0008857
0.0037454
0.0021624
0.0042763
0.0013259
0.0057395
0.0019909
0.0028094
0.0008343
0.0008595
0.0002542
0.0004171
0.0039748
0.0054639
0.0016515
0.00223
0.0008899
0.0045658
0.0041877
0.0042358
0.0008768
0.0049329
0.0043883
0.0008427
0.0021217
0.0044506
0.0017697
0.0009554
0.0014194
0.0008222
0.0030543
0.0035031
0.0040875
0.0066544
0.0029221
0.0046117
0.0017117
0.0014406
0.0010991
0.0052293
3.62e-05
0.0078356
0.0037618
0.0067108
0.0009831
0.0046521
0.0060363
0.0042094
0.0043521
0.0029286
0.0073294
0.0031616
0.0016656
0.0035747
0.002907
0.0043138
0.005786
0.0036897
0.0010117
6.5e-06
0.0036745
0.0053716
0.0060294
0.0009341
0.0045696
0.0010709
0.0034455
0.0039044
0.0015558
0.0049823
0.000864
0.0058724
0.0075397
0.0009417
0.006198
0.0035132
0.0033142
0.0056282
0.0055264
0.0034353
0.0044244
0.003989
0.0018349
0.0002582
0.0036128
0.0035701
0.0011913
0.0042659
0.0048918
0.0055284
0.0038257
7.85e-05
0.0040949
0.0011446
0.0009566
0.0021975
0.0006414
0.0034137
0.004928
0.0004795
0.0008541
0.0062228
0.0008352
0.0008619
0.0001025
0.0012819
0.0008593
0.0008351
0.0037466
0.0011136
0.0055812
0.0017966
0.0079411
0.0023104
0.0012913
0.0062546
0.0007282
0.0056471
0.0024108
0.0055752
0.0036057
0.0008458
0.0034166
0.0008765
0.0053458
3.5e-05
0.0039266
0.0049005
0.0058871
0.00251
0.0042477
0.0026775
3.17e-05
0.004811
0.0043369
0.0027191
0.0012317
0.003334
0.0012121
0.0053353
0.0083595
0.0039662
0.0010625
0.0008659
0.0054141
0.0051379
0.0018297
0.0055519
0.0051736
0.0008599
0.0047275
0.0056753
0.0014993
0.0011474
0.0076211
0.0043567
0.0035724
0.0043912
0.0046529
0.0060455
0.0008471
0.0020294
0.0049114
0.0019901
0.0016001
0.0011797
0.0013228
0.0021109
0.0018121
0.0008082
0.0058828
0.0036272
0.0033667
0.0008534
0.0010953
0.0042106
0.0011156
0.0061951
0.0090623
0.0042468
0.0035283
0.0021625
0.0061496
0.0039152
0.0043849
0.0052019
0.0008193
0.0033399
0.0013846
0.0051779
0.0064706
0.0021348
0.0009556
0.0014909
0.0008685
0.0052796
0.0055638
0.0010457
0.0059291
0.0011059
0.0058347
0.0008384
0.004008
0.0045303
0.0052455
0.0072716
0.003531
0.0034643
0.0008763
0.0015403
0.0052715
0.0028253
0.0020321
0.0055942
0.0034812
0.0023296
0.0025206
0.0049737
0.0020882
0.0065951
0.0052423
0.001645
0.0051252
0.0061738
0.0008248
0.0074291
0.0008794
0.0012615
0.0042993
0.008757
0.0022583
0.0061804
0.0005124
0.0074401
0.0038492
5.32e-05
0.0057166
0.0046985
0.0043541
0.0005628
0.0060174
0.0011837
0.0055946
0.0052914
0.0023305
0.003889
0.0036434
0.0028003
0.007586
0.0037454
0.0059885
0.0030282
0.0062635
0.0090834
0.0027474
0.0015034
0.0064423
0.0020446
0.0022436
0.0059043
0.0008669
0.0010262
0.0009865
0.0044371
0.0020099
0.0058881
0.004297
0.0037193
0.0035284
0.0008006
0.006183
0.001669
0.0013147
0.0005896
0.0063725
0.0070743
0.000922
1.04e-05
0.0005091
0.0015074
0.0006703
0.0007341
0.0002864
0.0018976
0.002125
0.0011519
0.0007956
0.0037265
0.0020665
0.0079925
0.004139
0.0008805
0.0034575
0.0017281
0.0038569
0.0037625
0.0008199
0.0036574
0.0009323
0.0040249
0.0041368
0.0053922
9.2e-06
3.37e-05
0.0049309
0.0037758
0.001027
0.0091471
0.0050579
0.0008403
0.0056561
0.0053874
0.0015231
0.0053508
0.0008412
0.0009918
0.0042269
0.0032708
0.0047019
0.0008936
0.0001151
0.0051175
0.0018867
0.0041267
0.0036469
0.0028727
0.000843
0.0006869
0.0051679
0.0005627
0.0063861
0.0037898
0.0039407
0.0014404
0.0061071
0.0044627
0.0025632
0.0008695
0.001462
0.0012808
0.0036631
0.0030231
0.0047258
0.0017236
0.0039078
0.0017508
0.0008492
0.0042964
0.0066897
0.0010941
0.0094411
0.0017413
0.0049817
0.0053244
0.0064054
0.0020462
0.0036755
0.0057956
0.001773
0.0034903
0.0039491
0.0017339
0.0036996
0.0020991
0.0010335
0.0037275
0.0038177
0.0008272
0.0017988
0.0008391
0.0051623
0.0010648
0.0009294
0.000872
0.0047389
0.0011248
0.0015976
0.0003407
0.0019893
0.0038811
0.0041299
0.0006312
0.0012489
0.0054607
0.0035886
0.0008202
0.0012632
0.0061066
0.0013326
0.005029
0.0038563
0.0041284
0.0039298
0.0057748
0.0009425
0.006374
0.0031462
0.0045942
0.0008644
0.0069039
0.0041846
0.0018299
0.0059247
0.0075928
0.0061565
0.0056065
0.0010505
0.0035718
0.0020704
0.0052665
0.0025165
0.0073458
0.0064422
0.0067947
0.0010833
0.0008886
0.0040242
0.0034963
0.0007782
0.0036551
0.0010009
0.0021921
0.0075871
0.0036231
0.0011386
0.0008859
0.0022663
0.0008663
0.0016102
0.0007449
0.0049549
0.0036266
0.001946
0.002394
0.0060828
0.0053086
0.0066557
0.0008286
0.003709
0.0057837
0.0079175
0.0008535
0.0099676
0.0038931
0.0075243
0.0039169
0.001621
0.0008829
0.0016613
0.0040663
0.0010812
0.0045618
0.0010227
0.0093521
0.0006358
0.0035562
0.0028921
0.0040183
0.0066132
0.0037246
0.0030762
0.0058176
0.0008899
0.0018735
0.0013898
0.0053338
0.0010912
0.0063846
0.001285
0.0074119
0.0014239
1.4e-06
0.005519
0.0008533
0.0054098
0.0025834
0.0046989
0.0084242
0.0055499
0.005429
0.0019248
0.0012658
0.0057774
0.0025629
0.0005817
0.0063076
0.0055816
0.004156
0.0008991
0.0083327
0.0035458
0.0084483
0.0038523
0.003804
0.0050957
0.0008627
0.0008434
0.0044942
0.0043644
0.0008484
0.0034363
0.001609
0.0061265
0.0086212
0.0032843
0.002921
0.0021944
0.0013662
0.0091028
0.0099115
0.0058763
0.0019693
0.0009988
0.0073595
0.0017115
0.002118
0.0009056
0.0055598
0.0008361
0.0011123
0.0062664
0.0036374
0.000836
0.0009493
0.0015331
0.0028429
0.0030345
0.0009192
0.0046903
0.0063372
0.0041789
0.0008207
0.0063452
0.0034944
0.0038481
0.0043863
0.0018129
0.0020467
0.0041119
0.0008298
0.0064504
0.0043586
0.0016078
0.0057751
0.0009748
0.0008978
0.0018974
0.0009447
0.0054121
0.0066333
0.0063003
0.0042379
0.006285
0.0044988
0.0008644
0.005742
0.001137
0.0007316
0.0039255
0.0015287
0.00409
0.0054776
0.0042732
0.006646
1.14e-05
0.0057704
0.0008415
0.0009652
0.0008288
0.0042558
0.0020142
0.0008446
0.0053487
0.0047015
0.0056986
0.0062623
0.0027573
0.0008061
0.0016488
0.0011271
0.0001302
0.001408
0.0036727
0.0020433
0.0012815
0.0009493
0.0009959
0.0019532
0.0042531
0.0053322
0.0008959
0.004664
0.0026888
0.0011889
0.0046329
0.0073474
0.0052702
0.0002413
0.0027376
0.0044286
0.0034267
0.0058071
0.0084774
0.0010113
0.0035692
0.0039537
0.0081664
0.0004746
0.0016176
0.0104791
0.0055377
0.0047961
0.0034887
0.0023534
0.0036796
0.0031417
0.0022886
0.0034947
0.0029338
0.0049374
0.0010218
0.004582
0.0036428
0.0019421
0.0008958
0.0053415
0.0037812
0.0010386
0.0043992
0.0075474
0.0022229
0.0008185
0.0058194
0.0021056
0.0008141
0.0012105
0.0019974
0.0017174
0.0008524
0.0009068
0.0038109
0.0017883
0.0039085
0.0059903
0.0035358
0.0052933
0.0035296
0.0008522
3.11e-05
0.0008772
0.0076484
0.0021356
0.0072143
0.0017371
0.0040301
0.0023531
0.0008347
0.0053518
0.0056944
0.0046097
0.00584
0.0008759
0.0045167
0.0083598
0.007116
0.0041772
0.0008688
0.0036726
0.0027949
0.0046883
0.0026921
0.0036594
0.0004268
0.0061607
0.0027341
0.0030651
0.0035726
0.0067169
0.0008422
0.0058653
0.0034893
0.0012054
0.0037745
0.003497
0.0036992
1.46e-05
0.0044602
0.000539
0.0035911
0.0014005
0.0078803
0.0009073
0.0039263
0.0061658
0.0050847
0.000263
0.0062352
0.0008687
0.0028526
0.0035255
0.0084254
0.0009376
0.0040666
0.0043648
0.0040096
0.0031548
0.0010463
0.008072
0.0010666
0.0054159
0.0019962
0.0024121
0.0016372
0.0008411
0.0008703
0.0009084
0.0030724
0.0036482
0.0020578
0.0012696
0.0036573
0.0056746
0.0036799
0.0060312
0.0077474
0.0054717
0.0064311
0.0024554
0.0057005
0.0036872
0.0016779
0.0011748
0.0041342
0.0054228
0.0054742
0.005157
0.0011606
0.0036558
0.008054
0.0036671
0.0036212
0.0052726
0.0049635
0.001466
0.0059688
0.0037068
0.0010215
0.0060594
0.0035952
0.0018659
0.0042731
0.0008294
0.0044892
0.0025851
0.0014441
0.0048811
0.005275
0.0016731
0.0008323
0.0029806
0.000887
0.0017534
0.0037308
0.0003098
0.0037169
0.0040974
0.0008287
0.0054798
0.0069894
0.0026652
0.0008264
0.0078536
8.59e-05
0.0035329
0.0012626
0.0008722
0.0039676
0.0015878
0.0009495
0.0037057
0.0060414
0.0046674
0.0061036
0.0055537
0.0038604
0.0055645
0.0069655
0.0009802
0.0009815
0.0042625
0.0014988
0.0011419
0.0038189
0.0053232
0.0041492
0.0054965
0.0054788
0.000745
0.0008579
0.0008937
0.0021504
0.0009564
0.0035959
0.0017009
0.0011257
0.0078536
0.0054207
0.003801
0.0019748
0.004351
0.0008436
0.000101
0.002366
0.0093226
0.0056394
0.0024739
0.0043546
0.00092
0.003628
0.005529
0.0008795
0.0011095
0.0091988
0.0037978
1.58659
