0.0009301
0.0041971
0.0035311
0.005097
0.0017388
0.0008065
0.0010701
0.0011757
0.0010223
0.0048005
0.0041688
0.0060603
0.0040438
0.0034157
0.0057407
0.00206
0.0038749
0.0006386
0.0038472
0.0008733
0.0075885
0.0036936
0.0041177
0.0017271
0.0043041
0.0009004
0.0034607
0.0033395
0.0036329
0.0008562
0.0033514
0.0081115
0.0043403
0.0008729
0.0024737
0.0018059
8.09e-05
0.0040427
0.0034063
0.0026838
0.0013198
0.0059425
0.0017166
0.004333
0.0036843
0.0012997
0.0052523
0.0042778
0.0033566
0.0052152
0.0043636
0.0003071
0.0037035
0.0021162
0.0009871
0.0058555
0.0043312
0.0014722
0.0001766
0.0013314
0.0012936
0.0049814
0.0057806
0.0014426
0.005867
0.0014066
0.0009336
0.0021022
0.0054327
0.0010871
0.0042251
0.0050495
0.0024982
0.003667
0.0008789
0.0001182
0.0022621
0.0073128
0.0013919
0.0008829
0.0009454
0.004608
0.0036379
0.0056675
0.005722
0.0075614
0.0008516
0.0041459
0.0049199
0.000855
0.0057157
0.0009792
0.0011649
0.0056145
0.001387
0.0058544
0.0021047
0.0076611
0.0052898
0.006515
0.0013833
0.0008536
0.0014606
0.0010249
0.0035271
0.0023589
0.0041905
0.0033244
0.0036793
0.0052482
0.0075689
0.0010823
0.0051082
0.0008497
0.003441
0.0014652
0.0008595
0.0044165
0.0023328
0.0090732
0.0008428
0.0024698
0.000305
0.0009805
0.0028109
0.0079826
0.004608
0.0031367
0.0034745
0.0008675
0.0007977
0.0039954
0.0015148
0.0061715
0.0010747
0.0048946
0.0008429
0.0047806
0.0029407
0.0026296
0.0054707
0.0052117
0.0051448
0.0030487
0.0008075
0.0032187
0.0016355
0.0037811
0.0067644
0.000757
0.003867
0.0017804
0.0011222
0.0038817
0.0066729
0.0008397
0.0026631
0.0051948
0.0039568
0.0005091
0.0053983
0.0011867
0.0008421
0.002472
0.0036503
0.003049
0.0018266
0.0051033
0.0015883
0.0070596
0.0038048
0.0056708
0.0057533
0.0037232
0.003617
0.007168
0.0008781
0.003931
0.0021642
0.0050055
0.001526
0.0055269
0.0018956
0.0027788
0.000838
0.0008476
0.0002448
0.0004156
0.0038996
0.0049903
0.001638
0.0023166
0.0008853
0.0042461
0.0036906
0.0041507
0.0008537
0.0047789
0.004035
0.0008349
0.0020137
0.0043179
0.0009332
0.0008925
0.0014022
0.0008014
0.0028158
0.0036569
0.0039862
0.0059875
0.002709
0.004361
0.0016658
0.0013036
0.0010127
0.0049324
3.28e-05
0.0073904
0.0033129
0.0064015
0.0008531
0.0044482
0.0058547
0.0038715
0.0034668
0.0028072
0.0072762
0.0027925
0.0015575
0.0033614
0.002894
0.0041829
0.0060268
0.0037632
0.0008929
6.4e-06
0.003377
0.0049951
0.0057318
0.0009099
0.0041932
0.00098
0.0034623
0.0038737
0.0014703
0.0033877
0.0008234
0.0057544
0.0064769
0.001005
0.0060225
0.0032856
0.003502
0.0053765
0.0052744
0.0034748
0.00407
0.0037196
0.00173
0.00026
0.0034122
0.0035519
0.0012243
0.0041707
0.0044104
0.0052366
0.0038328
7.86e-05
0.0040137
0.0012486
0.0009785
0.0019983
0.0006035
0.0030464
0.0047319
0.0004423
0.0007841
0.0063004
0.000737
0.0008151
0.0001048
0.0012895
0.000828
0.0007381
0.0040257
0.0009773
0.0056707
0.0019099
0.0082238
0.0021412
0.0012051
0.005596
0.0007585
0.0055468
0.002267
0.0054719
0.0033879
0.0008284
0.0033252
0.0008728
0.0048508
3.51e-05
0.0038545
0.0051129
0.0058957
0.0025207
0.0041248
0.0027556
2.89e-05
0.004689
0.0039627
0.0024931
0.001202
0.0033034
0.001208
0.0055256
0.0090397
0.0039173
0.0009861
0.0007864
0.0052308
0.0050949
0.0017329
0.0049848
0.0051801
0.0008603
0.0034833
0.0055102
0.0014557
0.0011351
0.0078269
0.0042547
0.0034728
0.004223
0.0044372
0.0050512
0.0007907
0.0019632
0.0045143
0.0019951
0.0016799
0.001161
0.0011127
0.0019885
0.0017202
0.0007924
0.0054027
0.0034444
0.002954
0.0007759
0.0010479
0.0041328
0.0010615
0.0060446
0.0098394
0.0036039
0.0031463
0.0021594
0.0063366
0.0033681
0.0045388
0.0048831
0.0008013
0.0029659
0.0012226
0.0052274
0.0061796
0.0022037
0.0008737
0.0013832
0.0008209
0.0048866
0.0053368
0.0007874
0.0055003
0.0010707
0.0051893
0.00091
0.0041863
0.0048218
0.0052555
0.0076154
0.0035971
0.0024844
0.0008648
0.001451
0.00571
0.0021566
0.0020758
0.0035873
0.0014469
0.0022241
0.0024147
0.004788
0.0019856
0.0060439
0.0047972
0.0016462
0.0047973
0.0057905
0.0007779
0.0072343
0.0007764
0.0012007
0.0040101
0.0079882
0.0021768
0.0054957
0.0005187
0.007686
0.0036517
5.38e-05
0.0052886
0.0047763
0.0041704
0.0005454
0.0058449
0.0011237
0.0052617
0.0054926
0.0023753
0.0038775
0.0034945
0.0028942
0.0076214
0.0036121
0.0054759
0.0031719
0.0055569
0.0091343
0.0025291
0.001532
0.0061332
0.002072
0.0009991
0.0060347
0.0008507
0.0009146
0.0009709
0.0042629
0.0018428
0.0055066
0.0042216
0.0034722
0.0034239
0.0008314
0.0060758
0.0018373
0.0012456
0.0005513
0.0066297
0.0053808
0.0008005
8.7e-06
0.0004378
0.0014435
0.0006532
0.0006195
0.0003032
0.0017717
0.001987
0.0013023
0.0010778
0.0034561
0.0020913
0.0076614
0.0038809
0.0008579
0.0032325
0.0016646
0.0038378
0.0038104
0.0008351
0.0036454
0.0009502
0.0038093
0.0034992
0.0051579
8.2e-06
3.01e-05
0.0044211
0.003489
0.0009982
0.0085442
0.0051189
0.0008798
0.0056851
0.0056585
0.0015819
0.0046372
0.0007496
0.0009161
0.0038792
0.0029695
0.0045933
0.0008738
0.0001055
0.0036772
0.0017814
0.0038268
0.0034392
0.0027596
0.0007899
0.0007167
0.0051289
0.0005326
0.0062225
0.0036683
0.0036609
0.0013694
0.0063777
0.004148
0.0022233
0.0008357
0.0016624
0.001406
0.003471
0.0031689
0.0044124
0.001634
0.0040033
0.0019179
0.0008033
0.0042864
0.0068843
0.0011682
0.0083241
0.0020245
0.0051485
0.005097
0.0061966
0.0019292
0.0034297
0.0060886
0.0017942
0.0033344
0.0038144
0.0016882
0.0035243
0.0021683
0.0011174
0.0038062
0.0037802
0.0008361
0.0016195
0.0007997
0.0053085
0.0009704
0.0009265
0.0008373
0.0046942
0.001162
0.0016285
0.0003474
0.0020389
0.003622
0.0037754
0.0006159
0.0020679
0.0052955
0.003463
0.0007757
0.0011668
0.0057595
0.0012495
0.0047832
0.003993
0.0033563
0.0038097
0.0054131
0.0008251
0.0052076
0.003295
0.0042752
0.0008382
0.0074396
0.0039479
0.0017141
0.0055044
0.007057
0.0063152
0.0054322
0.001041
0.0042615
0.001993
0.0052722
0.0026
0.0077362
0.0057147
0.007006
0.0010583
0.0008586
0.0066887
0.0035446
0.0007788
0.0036457
0.0010217
0.0021663
0.007513
0.003403
0.0010947
0.0008544
0.0022469
0.0008444
0.0016429
0.000726
0.0044416
0.0035386
0.0019435
0.002288
0.0060061
0.0038746
0.0063903
0.0008669
0.0035693
0.0054532
0.0071373
0.0008601
0.0090084
0.0038446
0.0069781
0.0037401
0.0015926
0.0007843
0.0015229
0.0043531
0.0010869
0.0041559
0.0010539
0.0092621
0.0006376
0.0040972
0.0031468
0.0038843
0.0046299
0.0036235
0.0022108
0.005624
0.0008348
0.0016854
0.0012687
0.0051795
0.0010833
0.0063053
0.0012871
0.0068865
0.0013414
1.3e-06
0.005306
0.0008884
0.005687
0.0023782
0.004452
0.0080425
0.005332
0.0059098
0.0016872
0.0013406
0.0056059
0.0022834
0.0005844
0.0054463
0.00519
0.0040464
0.000963
0.0075715
0.0033756
0.0078918
0.0037477
0.0038032
0.0050282
0.0008635
0.0008177
0.0043581
0.0044781
0.0007632
0.0032606
0.0016981
0.0055486
0.0089974
0.0031976
0.0010487
0.0023723
0.001434
0.009484
0.0093712
0.0052233
0.0019255
0.0010987
0.0080759
0.0015863
0.0018645
0.0008987
0.0050356
0.0007882
0.0010296
0.0056959
0.0034651
0.0007777
0.0009829
0.0015019
0.0028346
0.002976
0.0007234
0.0047239
0.0060962
0.003972
0.0008162
0.0059214
0.0034427
0.0034943
0.0041312
0.0016274
0.0009836
0.0037314
0.0008082
0.0058497
0.0039347
0.0015788
0.0055924
0.0009117
0.0007437
0.0016557
0.0008846
0.0054678
0.0062642
0.0059172
0.0042548
0.0058703
0.0040451
0.000851
0.0057386
0.0010752
0.0007645
0.0037829
0.0016358
0.0040911
0.0050257
0.0039994
0.0062756
1.14e-05
0.0061741
0.0008321
0.0009642
0.0008407
0.0044012
0.0018531
0.0008692
0.0051145
0.0050415
0.0053945
0.0061978
0.0026395
0.0008559
0.0014701
0.0011049
0.0001218
0.0013626
0.0034936
0.0022576
0.0014143
0.000838
0.000942
0.0021735
0.0040621
0.0049022
0.0007814
0.0046976
0.0023738
0.0011158
0.0047754
0.0068966
0.0052788
0.000223
0.0025818
0.0042008
0.0034447
0.0049717
0.0088844
0.0008621
0.0036828
0.0039507
0.0079944
0.0004847
0.001569
0.0111182
0.0057214
0.004574
0.0035423
0.0022162
0.0037054
0.0030745
0.0023763
0.0032769
0.0029504
0.0047247
0.0010469
0.0042144
0.0037682
0.0019095
0.0008075
0.0055986
0.0036576
0.0010556
0.0040237
0.0067841
0.0016391
0.0008758
0.0057653
0.0022856
0.0008634
0.0012303
0.0021608
0.0023451
0.0009447
0.0008798
0.0040338
0.0015641
0.003729
0.006248
0.0037981
0.0042838
0.0033464
0.0007908
2.76e-05
0.0008105
0.007523
0.0022421
0.0062819
0.0015418
0.003565
0.0022492
0.0008437
0.0056435
0.005593
0.0043481
0.0055767
0.0008818
0.0035802
0.0068701
0.0057346
0.0038335
0.001039
0.0038262
0.0030542
0.0043911
0.0026768
0.0035116
0.0004282
0.0063029
0.002777
0.0029765
0.0035314
0.0062623
0.0007862
0.0054162
0.0032735
0.0011895
0.00393
0.0031794
0.0035476
1.46e-05
0.0044987
0.0005202
0.0034992
0.0013006
0.0071792
0.0008012
0.0036085
0.0057704
0.0049282
0.0002498
0.0065302
0.0007839
0.0026245
0.0035808
0.00806
0.0008517
0.0038096
0.0038654
0.0037601
0.0029635
0.0009733
0.0078395
0.0008671
0.0052549
0.0009508
0.0022134
0.0015347
0.0007463
0.0009274
0.0007913
0.0030243
0.003525
0.0020413
0.0012965
0.0035269
0.0053293
0.003632
0.005618
0.0073653
0.0050313
0.0059521
0.0024932
0.0053062
0.0035908
0.0014912
0.0011768
0.0041099
0.0053314
0.0052506
0.0054247
0.0011465
0.0035293
0.0074739
0.0037327
0.0038748
0.0048195
0.0046194
0.0013441
0.0055831
0.0035448
0.0009494
0.0054859
0.0035135
0.0015307
0.0039108
0.0008212
0.0042941
0.0023373
0.0013221
0.0045964
0.0049933
0.0016482
0.0007692
0.0028529
0.0007824
0.0016374
0.0034373
0.0002883
0.0035125
0.003683
0.0007455
0.0049481
0.0066342
0.0025078
0.0008398
0.007463
7.91e-05
0.0032023
0.0015095
0.000892
0.003698
0.0014935
0.0009072
0.0033628
0.0055745
0.0043915
0.0059224
0.0053926
0.0039046
0.0058896
0.005713
0.001035
0.0009324
0.0039902
0.0014451
0.0008201
0.0037716
0.0051374
0.0035839
0.0052199
0.0053727
0.0007167
0.0008234
0.0008509
0.0019482
0.0008068
0.0032483
0.0017615
0.0010033
0.0074739
0.0055783
0.003461
0.0020044
0.0042943
0.0007597
9.46e-05
0.0023036
0.0090228
0.0060115
0.0023526
0.0042676
0.0008586
0.0033345
0.0052482
0.0008746
0.0009381
0.0090818
0.0034982
5.85175
