9.16e-05
0.0013235
0.0001515
2.22e-05
0.0002029
5.44e-05
0.000655
2.31e-05
0.0019089
0.0002251
0.0007751
0.0002074
0.0003364
3.23e-05
6.64e-05
0.0014634
5.11e-05
0.0021396
0.0002552
0.0007
6.68e-05
5.13e-05
0.0005067
5.5e-06
0.0003171
0.0002972
0.000284
2.82e-05
0.0002509
1.13e-05
0.0004643
0.0006623
1.69e-05
0.0008039
0.0008028
5.7e-06
0.0015807
0.0001934
7.18e-05
0.0001906
1.17e-05
3.5e-05
0.0012202
0.0001938
0.0010799
0.0008409
0.0004183
0.001501
0.0002005
8.81e-05
0.0003195
0.0019593
0.0003056
4.45e-05
0.0007165
0.0006632
0.0005734
3.84e-05
0.0017703
0.0004215
0.0005562
1.01e-05
0.0003407
1.13e-05
0.0015889
0.0016029
1.71e-05
0.0003689
8.5e-06
0.0020649
3.28e-05
4.72e-05
0.0018276
0.0001649
3.7e-05
0.0020016
0.0003435
4.69e-05
0.0010798
0.0001501
0.0009015
1.81e-05
2e-05
3.76e-05
0.0002869
0.0001487
5.4e-06
0.0001242
8.21e-05
0.0003006
8.11e-05
0.0001187
0.0001688
7.79e-05
0.0005553
0.0029724
0.0007137
6.99e-05
4.06e-05
3.71e-05
0.0005324
9.09e-05
7.15e-05
0.0002003
0.0002488
0.0003387
0.0002534
3.73e-05
0.000174
6.33e-05
0.0001053
3.54e-05
0.000319
5.03e-05
0.0002297
0.0042171
0.0008944
0.0008143
8.54e-05
8.74e-05
2.82e-05
0.0006702
0.0019498
3.34e-05
0.0013873
0.0001003
0.0007515
0.0002671
5.6e-06
0.0018863
0.0007996
0.0002445
0.0003185
2.61e-05
0.0007772
5.77e-05
3.76e-05
2.82e-05
7.66e-05
6.19e-05
9.63e-05
0.000274
1.1e-05
3.9e-05
0.0001109
0.0002183
0.0001179
0.0003749
7.75e-05
5.11e-05
4.66e-05
0.0002934
0.0002114
0.0001428
0.000428
1.09e-05
0.0016449
2.88e-05
0.0008351
0.0016624
1.07e-05
8.75e-05
9.2e-06
0.0001639
0.0001415
9.01e-05
0.0011605
9e-06
0.0006558
5.36e-05
0.0002429
1.77e-05
1.35e-05
0.0002339
0.0007528
4.05e-05
4.9e-06
0.000238
0.0001694
0.0005344
5.55e-05
3.73e-05
0.0002126
0.0014983
0.0007762
0.0017638
0.0018842
0.0018196
9.18e-05
6.89e-05
0.0004521
0.0002321
0.0001759
0.0004949
3.61e-05
0.0002378
0.0002239
0.0001113
1.67e-05
3.08e-05
0.0005208
2.13e-05
0.0001215
0.0011399
0.000441
0.0003578
1.94e-05
0.0001887
0.0002847
6.52e-05
0.0020696
4.6e-05
0.0007489
4.77e-05
0.0006194
8.8e-06
0.0016894
0.0002875
0.0003088
0.0004263
0.0002056
0.00071
0.0003493
0.0001662
0.0002686
6.93e-05
6.5e-05
0.00194
0.0001491
5.5e-06
0.000254
0.0002756
6.98e-05
5.8e-06
1.61e-05
0.0017857
5.4e-06
4.83e-05
0.0001311
0.0001559
0.0003132
0.0031371
0.00092
0.0001887
0.0006444
0.0001512
0.0001676
8.38e-05
3.99e-05
0.0007175
7.44e-05
6e-06
0.0002353
0.0001695
0.0001034
0.0002021
0.0003758
3.22e-05
0.0010785
0.0018753
0.0001702
3.14e-05
0.0002193
0.0003035
0.0001602
6.19e-05
0.0003468
0.0014729
0.0003036
0.001957
0.0007354
0.0007007
0.0019432
0.0003559
0.0001001
0.0018801
9.28e-05
0.0003303
5e-06
0.000235
0.0019764
0.0017368
0.0001855
0.0003511
0.0001989
3.47e-05
5.92e-05
0.0018695
1.44e-05
3.71e-05
0.0016425
0.0003036
0.0016807
0.0002374
3.89e-05
5.63e-05
2.2e-05
0.000178
6.7e-06
1.27e-05
8.9e-06
0.0019226
0.0003199
0.0001127
0.0005316
0.0003515
0.0002441
0.0001947
0.0014903
0.0011037
0.0001328
0.0002441
0.0004847
0.0001865
0.0001467
0.0004746
0.0002096
0.0001472
0.0016461
0.0007758
0.000348
7.8e-06
0.0006103
0.0003484
0.0004352
0.0017714
0.0001786
0.0001188
0.0008338
0.0015034
0.0002696
0.0003086
0.0001672
0.0007332
3.77e-05
0.000486
9.54e-05
0.003279
5.46e-05
6.36e-05
0.001712
1.22e-05
0.0003702
0.001038
0.0002781
0.0004454
0.000225
3.63e-05
0.0003063
0.0005191
0.0018782
0.0004048
0.0002714
0.0009458
5.2e-06
0.0006345
0.0003731
0.0019793
9.13e-05
0.0001546
4.89e-05
0.0003202
0.0002916
9.13e-05
0.0010275
9.9e-06
8.84e-05
1.21e-05
0.0013957
0.0001716
0.0001041
9.73e-05
7.11e-05
3.32e-05
0.0001073
0.0010744
3.75e-05
2.53e-05
0.0002032
0.0002631
0.0002426
1.56e-05
0.0001639
0.0001502
0.0002806
0.000204
0.0003176
0.0002374
0.0009283
5.6e-06
0.0002996
9.02e-05
1.66e-05
0.0002176
0.0001134
0.0004851
1.2e-05
0.0005826
5.91e-05
6.25e-05
7.29e-05
0.000118
6.8e-05
0.0020545
0.0003222
1.74e-05
0.0017918
0.0003774
0.0032598
4.92e-05
0.0015581
0.0018286
0.0004348
3.52e-05
0.000556
0.0019322
0.0004172
0.0006124
0.0004232
1.14e-05
0.0011495
0.0010675
0.000456
0.0002304
6.57e-05
5.7e-06
1.61e-05
0.0005413
6.34e-05
0.0001408
0.0002487
0.0002192
0.0001972
0.000152
0.0002467
0.0007005
1.03e-05
0.0006654
0.0015261
3.44e-05
0.0006504
7.34e-05
0.0002347
0.0002599
7.6e-05
7.76e-05
0.0003519
0.002225
0.0019427
0.0019778
0.0001513
0.0004253
9.4e-06
0.0028761
0.0015603
1.02e-05
0.0019227
0.0019853
0.001569
0.001108
1.44e-05
0.0003427
0.0010018
5.1e-06
0.0012781
9.72e-05
0.0004596
0.0004224
5.6e-06
0.0003264
3.57e-05
0.0003123
0.0005554
0.0001433
0.0017235
3.53e-05
0.0001504
0.0002265
0.0015052
0.0026729
1.51e-05
2.6e-05
0.0001568
0.0001109
0.001894
1.92e-05
4.02e-05
1.14e-05
0.0002105
1.02e-05
0.0003164
0.0032839
0.0009664
0.000129
0.0003069
0.0002518
0.0018847
0.0002338
0.0009924
0.0002191
0.000147
7.27e-05
0.0007583
0.0015666
1.04e-05
0.0015866
0.000165
0.000675
0.0004666
1.19e-05
9.05e-05
3.39e-05
0.0002115
0.0003346
0.0006468
0.0004274
5.8e-06
0.000293
0.0001553
0.0004867
0.0001964
0.0002463
0.0037134
0.0003472
0.0009432
0.0001814
2.14e-05
0.0004773
1.11e-05
0.0001525
0.0001624
0.000369
3.95e-05
0.0011687
0.000487
6.87e-05
7.05e-05
1.56e-05
0.0001614
0.0011178
0.0005024
0.0001653
0.0002367
6.99e-05
0.0007839
0.0006254
8.34e-05
0.0001623
0.000251
0.0001759
4.22e-05
0.0003298
0.0008301
0.001887
0.0001395
0.0002447
0.0003649
0.002176
0.0007941
6.04e-05
7.29e-05
0.0009019
0.0013291
0.0002611
0.0003075
0.0002991
0.0002688
0.0005442
0.0008941
0.0003323
0.0005999
0.0003011
0.0008564
0.0006251
0.0002902
1.85e-05
0.0013174
0.0002644
0.0003131
6.92e-05
0.0003392
7.1e-05
0.0015118
4.7e-06
0.0006476
7.31e-05
4.42e-05
0.0005085
0.000918
0.0004907
0.0013128
0.0002397
3.6e-05
4.9e-06
0.0018797
0.0001239
0.0007117
0.0019538
5.53e-05
2.07e-05
0.0001366
0.0007296
1.75e-05
6.1e-06
0.0007321
0.0016739
0.0001751
6.12e-05
0.0004268
0.0019934
0.0009041
0.0003937
6.84e-05
1.5e-05
0.0001335
1.97e-05
0.0001147
0.0001482
0.0011743
0.0001758
1.23e-05
0.0002975
0.0005307
0.0002241
0.0006689
4.66e-05
0.0020257
0.0001893
0.0002396
7.77e-05
0.0034458
3.52e-05
0.0012893
0.0006025
0.0003987
1.95e-05
0.0002151
0.000398
0.0001102
0.0004529
0.0028115
8.9e-06
0.0003184
3.52e-05
0.0001822
0.0006409
0.0002397
0.0012765
0.0016759
0.0003203
1.16e-05
3.6e-05
7.72e-05
6.8e-05
3.98e-05
3.34e-05
0.0002048
0.0001955
0.0001015
0.0014604
0.0019231
8.59e-05
1.11e-05
2.87e-05
1.31e-05
0.0001214
5.5e-06
1.81e-05
2.83e-05
4.26e-05
0.0004832
3.39e-05
3.11e-05
3.85e-05
2.86e-05
0.0004459
0.0013069
1.15e-05
3.39e-05
8.19e-05
8e-05
1.23e-05
0.0007512
1.1e-05
0.0001628
5.4e-06
2.94e-05
0.0002263
1.59e-05
0.0001211
0.000162
0.0029339
9.8e-06
3.65e-05
5.3e-06
0.000536
6.13e-05
0.000232
0.0002916
6.57e-05
0.0003403
6.06e-05
0.0001235
0.0036485
0.0001684
0.000177
0.0011704
0.0002716
0.0003096
0.0004388
5.2e-06
0.0002559
1.28e-05
0.0001299
0.000134
0.0006373
0.0009104
0.0002133
0.0033621
1.13e-05
0.0019573
0.0003327
7.69e-05
0.0008378
0.0001079
4.86e-05
1.19e-05
3.91e-05
5.16e-05
0.0001556
9.4e-06
0.0004461
0.0005187
0.0043573
0.000157
0.000333
0.0001272
0.000331
0.0002779
0.0002596
0.0014187
0.0001416
0.0012399
4.9e-06
0.0001585
0.000208
0.0002858
0.0001891
0.0003113
0.0001023
0.0009105
0.0003571
0.0003334
6.17e-05
0.0005546
0.0022814
0.0035793
0.0012255
0.0001885
0.0006615
1.11e-05
0.0007951
0.0003548
0.0001751
0.0003742
8.8e-06
0.0003218
0.0001317
1.5e-05
0.0028343
1.44e-05
5.43e-05
0.0003099
0.0016029
0.0019401
0.0002421
6.1e-06
7.1e-05
2.26e-05
1.89e-05
0.0002113
0.0010278
6.7e-05
0.002199
0.0003343
0.0001354
0.0004019
2.95e-05
0.0001323
0.0005678
0.0002932
0.0001565
0.0001749
0.0001437
0.0001949
6.84e-05
0.0018518
5.44e-05
0.000228
3.07e-05
0.0006574
1.69e-05
5.13e-05
0.0002479
0.0005259
4.1e-06
4.19e-05
4.26e-05
0.0004073
0.0001531
0.0001339
0.0018271
0.0003909
0.0005044
0.0029406
1.8e-05
0.0005883
0.0025188
0.001832
0.0003971
0.0002278
0.0001544
0.000152
0.0001635
0.0016627
9.03e-05
0.0001318
0.0004997
6.1e-05
0.0004742
0.0002297
0.0001668
0.0001104
0.0003159
0.0007672
0.0006357
5.46e-05
0.000371
0.0002823
0.0001673
0.0002631
9.23e-05
0.0004201
0.0002378
0.0029631
0.0001401
0.0017297
0.0002312
0.0018282
4.57e-05
0.0003446
1.8e-05
0.0001344
5.12e-05
0.0001685
9.74e-05
0.0004842
0.0003758
5.03e-05
0.0002034
5.78e-05
0.0016832
0.0014767
0.0019109
0.0001333
0.0002466
0.0001694
0.001555
0.0007639
5.72e-05
0.000768
0.0015185
0.0004448
0.0003492
0.0010021
0.0001288
7.2e-05
0.0001229
0.0002088
0.0003193
2.1e-05
0.0002167
0.0004885
0.0006686
0.0001622
3.9e-05
0.0007252
0.0005549
0.0007514
0.0002063
1.3e-05
0.000219
0.0005052
0.0004481
0.0004963
0.0005707
0.0004914
9.9e-06
0.0001577
0.0004681
0.0001189
0.000355
0.000607
0.0007216
5.78e-05
0.0015154
1.97e-05
0.0006292
3.31e-05
2.16e-05
1.03e-05
1.2e-05
0.0001578
0.0003429
9.28e-05
0.0002159
0.0002057
3.9e-05
0.0001782
0.0001538
8.6e-06
4.04e-05
0.0021404
5.07e-05
3.55e-05
1.27e-05
2.42e-05
5.9e-06
0.001334
0.0012291
0.0003494
0.0001797
0.0001653
0.0002271
0.0002336
0.0003303
0.0012354
6.3e-06
5.2e-06
0.0008269
0.0007791
0.0004754
5.5e-06
0.0003234
9.78e-05
2.98e-05
0.0001378
0.0004448
0.0016201
0.0001276
1.72e-05
0.0007836
0.0007666
0.0004019
0.0018112
0.0002192
6.61e-05
2.33e-05
4.47e-05
0.000137
0.0003367
0.0004023
0.0003656
0.0010302
0.0004168
1.96e-05
9.3e-06
6.64e-05
4.09e-05
9.7e-06
0.0003347
3.31e-05
0.000189
0.0019441
0.0016
7.36e-05
3.75e-05
0.0001913
0.0001353
0.0018938
0.0003843
1.93e-05
6.43e-05
0.0002313
4.16e-05
2.28e-05
1.07e-05
0.0015564
5.29e-05
0.0006194
0.0004607
0.0014623
3.54e-05
0.0004377
1.91e-05
0.0003521
0.0008514
0.0039872
7.76e-05
0.0015271
157.933
