0.0112929
0.0106959
0.000931
0.000209
0.0012895
0.0007208
0.0044697
0.0006505
0.0103719
0.0011381
0.0033875
0.0011618
0.0018847
0.0002367
0.0005836
0.0077579
0.000507
0.012414
0.0012707
0.0038871
0.0008963
0.0003424
0.0021946
0.0002046
0.0015539
0.002237
0.0013589
0.0003275
0.0013341
0.0003933
0.0030255
0.0042058
0.0002232
0.0048929
0.0054585
0.0001853
0.0103136
0.0012289
0.0006439
0.001468
0.0006321
0.0004434
0.005729
0.0012139
0.0055507
0.0062438
0.0025788
0.0123786
0.0013191
0.0008382
0.0022324
0.0089567
0.0027989
0.000387
0.0038468
0.0030099
0.003361
0.0004786
0.0090518
0.0018802
0.0031556
0.0003415
0.0019835
0.0001593
0.0106569
0.0124258
0.0003717
0.0018744
0.0002987
0.0130394
0.0001839
0.0003288
0.0090547
0.0009753
0.000261
0.0093499
0.0030929
0.0006857
0.0073527
0.0013449
0.0059204
0.0002266
0.0001198
0.0003457
0.0021824
0.0011935
0.0002318
0.0012975
0.0008824
0.0018163
0.0003822
0.0007795
0.0016098
0.0005401
0.0033513
0.0103603
0.0070573
0.000597
0.000764
0.0006929
0.0018087
0.001075
0.0005318
0.00134
0.0015088
0.0023723
0.0012056
0.0003829
0.0006782
0.0003333
0.0007607
0.0002317
0.0032715
0.0003359
0.0013804
0.0215325
0.0043836
0.0067527
0.0008511
0.0010968
0.0004319
0.0042738
0.014396
0.0002148
0.0104141
0.0012402
0.0039664
0.0011549
4.53e-05
0.0092904
0.0031836
0.0007804
0.0018474
0.0004108
0.0042914
0.0003161
0.0003748
0.0001151
0.0004585
0.000342
0.0006244
0.0023046
0.0004054
0.0002541
0.0008154
0.0010113
0.0011798
0.0024607
0.0008641
0.0005111
0.0003771
0.0016272
0.0012329
0.0011859
0.0020564
0.0002792
0.0088332
0.0004068
0.0053167
0.0129011
0.0001575
0.0007252
0.0001727
0.0017374
0.0010413
0.0007729
0.0075436
0.0001753
0.0037276
0.0005841
0.0021827
0.0007807
0.0003222
0.0011955
0.0043614
0.00053
0.0001839
0.0018776
0.0013432
0.0049736
0.0004898
0.0003158
0.001717
0.0092186
0.0058634
0.0133248
0.0144089
0.0077509
0.0010535
0.0005425
0.0030211
0.0017853
0.0008465
0.0034624
0.0005134
0.0011841
0.0012329
0.0011851
0.0002454
0.000182
0.0037796
0.0001537
0.0009842
0.0058461
0.0032227
0.002824
0.0002181
0.0009368
0.0012405
0.0003914
0.0185055
0.0003059
0.0053256
0.0002136
0.0038885
0.0004105
0.0098479
0.0021144
0.0026244
0.0022978
0.0009958
0.005236
0.003042
0.0009522
0.0011039
0.0006507
0.0004675
0.0124974
0.0009289
0.0001049
0.0030576
0.0022596
0.0004048
0.0001568
0.0007653
0.0128649
9.96e-05
0.0002157
0.00115
0.0010806
0.0026442
0.0155516
0.0059066
0.0012275
0.0044593
0.0012512
0.0012985
0.0006874
0.0003595
0.0063376
0.0006076
0.0001302
0.0020027
0.0014148
0.0008565
0.0014815
0.0041075
0.000241
0.0069031
0.0091919
0.0009409
0.000495
0.0012317
0.00135
0.0006592
0.0007151
0.0026337
0.0124589
0.0020673
0.0157842
0.0060806
0.0041544
0.0128453
0.0025728
0.0011369
0.0112358
0.000593
0.0025211
0.0001689
0.0019601
0.0110263
0.0088182
0.0017884
0.0033733
0.0013957
0.000465
0.0002496
0.0105364
0.0003377
0.0003249
0.0112133
0.0021382
0.0166505
0.0012795
0.0003899
0.0008062
0.0002582
0.0014535
0.0001546
0.0004397
0.0008291
0.0103682
0.0022224
0.0007742
0.0032212
0.0029308
0.0019684
0.0017019
0.0134135
0.0085573
0.0013431
0.0010666
0.0045774
0.0013559
0.0013786
0.0037644
0.0016373
0.001152
0.0090949
0.0066452
0.0022564
0.0003973
0.0026324
0.0021384
0.0030766
0.0147334
0.001523
0.0007391
0.0043976
0.0074832
0.001927
0.0018481
0.0012363
0.0059779
0.0001496
0.002542
0.0010889
0.0235902
0.0003287
0.0009775
0.0116612
0.0001589
0.0025829
0.0050363
0.0016066
0.002187
0.0011056
0.000299
0.0018927
0.0030877
0.0165268
0.0025359
0.0019631
0.0054515
0.0003807
0.0040407
0.0023128
0.0085021
0.000611
0.0011825
0.0001617
0.0018121
0.0018512
0.0010187
0.0031699
0.0002183
0.0007968
0.0002442
0.0079319
0.0009191
0.0008509
0.0007874
0.0008144
0.0002118
0.0008444
0.0061277
0.0005891
0.0001299
0.0014068
0.0014233
0.0023112
0.0010032
0.0011549
0.0007295
0.0025889
0.000943
0.0019131
0.0013577
0.0088759
0.000139
0.0019105
0.0008394
0.0001988
0.0010447
0.0014856
0.0016608
0.0001162
0.0030348
0.000264
0.000877
0.0009194
0.0011986
0.0004997
0.0092273
0.0016689
0.0001879
0.0135847
0.0025805
0.0190187
0.0004843
0.0091889
0.0125553
0.0019799
0.0002976
0.0028263
0.0094579
0.0023638
0.0038154
0.0033492
0.0002305
0.0109346
0.0069776
0.0032864
0.0019989
0.0006194
0.0001031
0.000301
0.005533
0.0004908
0.001506
0.0019932
0.0017628
0.0012881
0.0014328
0.0026066
0.0068637
0.0001486
0.004274
0.0107263
0.0001947
0.0051279
0.0004024
0.0014408
0.0021581
0.0006203
0.0006917
0.0026033
0.0142479
0.0141691
0.0145395
0.0012506
0.0023679
0.0007641
0.0193698
0.0139982
0.0001249
0.0098917
0.009053
0.0072576
0.0065572
0.0001327
0.0023743
0.006614
8.85e-05
0.0074369
0.0009181
0.0030826
0.0021633
0.0001397
0.0016677
0.0003835
0.0019526
0.0041658
0.0009124
0.0081311
0.0003261
0.0010368
0.0019983
0.0104007
0.0091809
0.0002449
0.0002621
0.0009479
0.0013548
0.0140491
7.55e-05
0.0003305
0.0003424
0.0014474
0.0002788
0.0016273
0.0234105
0.0062952
0.0008546
0.0021504
0.0017478
0.015213
0.0013698
0.0073182
0.0018621
0.0012368
0.0005137
0.0049336
0.0132281
0.000158
0.011187
0.0012849
0.0049372
0.0025454
0.000317
0.0008529
0.0004759
0.0011644
0.0026181
0.0043008
0.0024164
0.0001597
0.0017651
0.0013017
0.0044755
0.0011567
0.0013421
0.0237641
0.0015747
0.0051121
0.0012792
0.0003576
0.0040208
0.0002491
0.0014416
0.0011688
0.0020407
0.0003503
0.0074352
0.0040284
0.0004669
0.0008627
0.0002465
0.0012479
0.0090739
0.0029587
0.0014902
0.0017103
0.0007954
0.0043716
0.0043406
0.0006838
0.0013114
0.0020649
0.0008923
0.0003262
0.0020324
0.0060447
0.0108602
0.0008236
0.0011546
0.0021852
0.0134596
0.0061508
0.0005538
0.0008215
0.0074858
0.0080359
0.0027828
0.0016146
0.0025246
0.0018388
0.0029765
0.0069809
0.002026
0.0038258
0.0021515
0.0064053
0.0045201
0.0016843
0.000417
0.0102647
0.0022931
0.0033214
0.0006766
0.002391
0.000609
0.0107395
6.84e-05
0.005992
0.0005275
0.0005549
0.0040909
0.0066891
0.0043806
0.0089701
0.0011906
0.0001446
0.0002597
0.0077643
0.0011222
0.0041608
0.0148621
0.0006461
0.0001978
0.0009747
0.005155
0.0002505
4.96e-05
0.0047839
0.0131675
0.0009409
0.0008003
0.0028737
0.0090989
0.0052389
0.0025724
0.0006331
0.0001184
0.0007851
0.000439
0.0008652
0.0012706
0.0072772
0.0014207
0.0002596
0.0019952
0.0031257
0.0017995
0.0039475
0.0005537
0.007848
0.0021397
0.0019841
0.0009446
0.0087923
0.000273
0.0088794
0.0046359
0.0032644
0.0001833
0.0010876
0.0039084
0.0009198
0.0031329
0.0221874
0.0002119
0.0018423
0.0003434
0.0008906
0.0034994
0.0014524
0.0083104
0.0097916
0.001984
9.34e-05
0.0002827
0.0004046
0.0005426
0.0003632
0.0002
0.0010064
0.0013204
0.0010617
0.0068623
0.0079824
0.0006682
0.0008373
0.0003058
0.0004695
0.0013207
0.0002286
0.000948
0.0003718
0.0003622
0.0033608
0.0004297
0.000158
0.0002509
0.0002606
0.0026113
0.0067379
0.0006345
0.0007957
0.0007216
0.0009762
0.0005007
0.0052493
0.0001581
0.0015227
0.0001043
0.0003978
0.0017844
0.0002816
0.0008539
0.0007711
0.0097121
0.0003535
0.0004758
0.0001752
0.002964
0.0007763
0.0013909
0.0013126
0.0004855
0.0018664
0.0005174
0.0009911
0.0258282
0.001042
0.0016269
0.0049769
0.0012712
0.0019307
0.0035825
0.0001552
0.0014839
0.0003007
0.0008292
0.0008626
0.0036376
0.0063465
0.0012377
0.02787
0.0001332
0.009127
0.0020536
0.0007766
0.0072426
0.0010796
0.0007424
0.0004859
0.0004579
0.0007144
0.0016289
0.0001057
0.0036179
0.002802
0.0260181
0.0013473
0.0016161
0.0008938
0.0026507
0.0028013
0.0022889
0.009574
0.0010234
0.0051029
0.0001798
0.0009014
0.0009919
0.0026367
0.0012791
0.0024686
0.0010294
0.0060164
0.0016438
0.0030477
0.0002796
0.0039332
0.0136134
0.0195006
0.0053705
0.0012797
0.0045932
6.29e-05
0.0032876
0.0020837
0.0008867
0.0018361
0.0006469
0.0027464
0.0013699
0.0006162
0.0120946
0.0001405
0.000449
0.0022197
0.0156873
0.0102222
0.0024007
0.0001732
0.0007943
0.0003503
0.0003682
0.0011002
0.0069849
0.0009681
0.0106647
0.0017873
0.0010548
0.0026151
0.0003476
0.0006981
0.0037145
0.0021791
0.0008706
0.0007316
0.0008589
0.0012038
0.0008493
0.0106791
0.000286
0.0022708
0.0001347
0.0049081
0.000245
0.0004441
0.0013632
0.0047314
0.0001567
0.0004476
0.0003066
0.0019442
0.0010203
0.0009997
0.0143097
0.0031767
0.002226
0.006591
0.000297
0.0036597
0.0151756
0.0062853
0.0036784
0.0013352
0.0013666
0.0010505
0.0006977
0.0154636
0.0008698
0.0010092
0.0029016
0.0009591
0.0028896
0.001611
0.0011179
0.0010026
0.0026508
0.0059809
0.0057253
0.0004188
0.0024909
0.002286
0.0013746
0.0024054
0.0008743
0.0019107
0.0013657
0.0179561
0.0010231
0.0125245
0.0015619
0.0077617
0.0003662
0.0016456
0.0003295
0.0010163
0.0003878
0.000871
0.000705
0.0035483
0.0027864
0.0002425
0.0012116
0.0005008
0.0089044
0.0072445
0.0143665
0.0010156
0.0016406
0.0011562
0.0074089
0.0037996
0.0004061
0.0037154
0.0146177
0.0026219
0.0018551
0.0097639
0.0010883
0.0007309
0.000851
0.0013167
0.0022595
0.0002275
0.001701
0.0038125
0.0042474
0.0011778
0.0003615
0.0057062
0.006066
0.0035078
0.0007558
9.51e-05
0.0015144
0.0027729
0.0029106
0.0037641
0.00283
0.0022524
0.0003692
0.001141
0.0043976
0.0008807
0.0027235
0.003649
0.0039995
0.0006522
0.0090265
0.0001783
0.003401
0.0004179
0.0007238
0.0005138
0.0004141
0.0010831
0.0008941
0.0012652
0.0018128
0.0017991
0.0004594
0.0013941
0.0008875
6.01e-05
0.0002776
0.0101511
0.0002568
0.0001258
0.0003901
0.0001245
6.03e-05
0.0106998
0.0069408
0.0021157
0.0016593
0.0011904
0.0014229
0.0014081
0.0020172
0.008253
0.00013
0.0002868
0.0034747
0.003546
0.0024095
6.42e-05
0.0030943
0.0010129
0.0001409
0.0015093
0.0024106
0.0093583
0.0009046
0.000391
0.00336
0.0035725
0.0019041
0.016759
0.0010185
0.0007193
0.000143
0.0005547
0.0010088
0.0015813
0.0024221
0.0023846
0.0047344
0.0018034
0.0001615
0.0004001
0.0005898
0.0002807
5.35e-05
0.0015359
0.000422
0.0015943
0.0153193
0.0124154
0.0005925
0.0002191
0.0013862
0.0011175
0.0109759
0.0018785
0.0005991
0.0006393
0.0011452
0.0003536
0.0001861
0.0001421
0.0102139
0.0003263
0.0034733
0.0028392
0.0104785
0.0002617
0.0028284
9.16e-05
0.0033467
0.0039978
0.0272624
0.0008884
0.0086773
172.533
