0.0009994
0.0007001
0.0003177
0.0001297
0.0002939
0.0004362
0.0009124
0.0001557
0.0008886
0.0015951
0.0006148
0.0002123
0.0003968
9.59e-05
9.8e-05
0.0009374
0.0001638
0.0011685
0.0002878
0.0004815
0.0004817
5.72e-05
0.0004385
0.0001508
0.0013357
0.0004687
0.0003901
0.000185
0.0002188
0.000167
0.0003892
0.0005463
7.49e-05
0.0005817
0.0010968
0.0003093
0.0013837
0.0002352
0.0002068
0.0001482
7.83e-05
0.0002323
0.0006746
0.0002421
0.0008504
0.001109
0.0006101
0.0011464
0.0002964
0.000351
0.0002984
0.0009843
0.0002651
0.0002031
0.0007149
0.0004701
0.0005592
0.0006598
0.0011141
0.0003596
0.0008701
0.0002655
0.0003411
6.87e-05
0.001184
0.0009131
0.0009845
0.0003758
0.0001757
0.000939
8.66e-05
0.0001608
0.0009701
0.0003212
0.0002899
0.0015725
0.0004362
0.0008931
0.0008227
0.0002426
0.0006167
5.49e-05
5.24e-05
0.000165
0.0003435
0.0002303
4.76e-05
0.0001719
0.0005976
0.0002816
0.0001042
0.0001179
0.0001742
0.0002168
0.0005254
0.0009418
0.0004253
0.0004442
0.000205
0.0002267
0.0002036
0.0002196
0.0002217
0.0002499
0.0001718
0.0002463
0.0002047
5.26e-05
0.0001459
0.0001359
0.0001313
0.0001514
0.0004573
7.42e-05
0.0002701
0.0020342
0.0006668
0.0005431
0.0002194
0.0004569
0.0002081
0.0006686
0.0011194
0.0001383
0.0010857
0.0006351
0.0003626
0.0003014
0.0001627
0.0010799
0.0005939
0.0001588
0.0003405
0.0005285
0.0006682
0.0001421
0.0003602
0.0001443
0.0003216
0.0001588
0.0002013
0.0006106
0.0002923
0.0006109
0.0002205
0.0002953
0.0001617
0.0002701
0.0004739
0.0002397
0.0008901
0.000276
0.0002063
0.0001416
0.0004957
5.04e-05
0.0010805
0.0004041
0.0007064
0.0013075
0.0001664
0.0003246
0.0003167
0.0001367
0.0001644
0.0004745
0.0007624
0.0003221
0.0006073
0.0008995
0.0003528
0.0005557
0.0004282
0.0004281
0.0006679
0.0002215
0.0001774
0.0002448
0.0002269
0.0007171
0.0003112
0.0003079
0.0002058
0.0008698
0.0004164
0.0011716
0.001415
0.0009964
0.0009115
0.0002791
0.0002879
0.0003018
0.000254
0.0003848
0.0001974
0.0002657
0.0002707
0.0004646
0.0001357
0.0001587
0.0003521
0.00016
0.0002938
0.0005053
0.000408
0.000223
0.0002354
0.0001557
0.0003142
0.0002782
0.0015394
8.18e-05
0.0004218
0.0002284
0.0005766
0.0001675
0.0008563
0.0004004
0.0002977
0.0003251
0.0003269
0.0004791
0.0005198
0.0002149
0.0002157
0.00039
0.0002109
0.0008652
0.0002764
8.57e-05
0.0003556
0.0003617
0.0003747
3.1e-05
0.0008715
0.000979
0.0002675
0.0002861
0.000159
0.0002777
0.0003049
0.0019512
0.0006479
0.0002943
0.0002967
0.0001992
0.0003198
0.0003535
0.0001182
0.0004327
0.0002837
0.0005431
0.0002808
0.0003683
0.0001938
0.0002436
0.0004507
0.00015
0.0006775
0.0010172
0.0002989
7.08e-05
0.0003735
0.0003499
0.0001274
0.0002499
0.0003241
0.0009557
0.0003354
0.0011634
0.0004807
0.0005859
0.0011417
0.0003196
0.0007151
0.0010325
0.0004248
0.0005009
0.0002097
0.0002461
0.0015977
0.0017631
0.000175
0.0002463
0.0003363
0.0002238
0.0001489
0.000898
0.0003381
7.67e-05
0.001206
0.0003909
0.0007516
0.0003493
0.0001874
0.0002552
9.38e-05
0.0002763
0.000134
0.0001293
7.68e-05
0.0010796
0.0002653
0.0001327
0.00099
0.0003034
0.0003655
0.0002925
0.0013629
0.0007199
0.0001916
0.0002045
0.0005401
0.0002046
0.0007695
0.0004986
0.0005098
0.000308
0.0011344
0.0005321
0.0004095
0.0004766
0.000488
0.0003169
0.0005386
0.0010527
0.0001695
0.0002944
0.0006105
0.0007658
0.000406
0.000369
0.0002287
0.0006378
0.0001497
0.0005049
0.0003993
0.0015792
8.08e-05
0.0003736
0.0009383
0.0004229
0.0004544
0.0006142
0.000306
0.0003076
0.0002268
0.0003889
0.0005959
0.0005357
0.0012037
0.0003351
0.0003073
0.0007002
0.0001612
0.0002864
0.0004616
0.0010102
0.0003422
0.0002865
8.22e-05
0.0002751
0.000266
0.000661
0.0005268
0.0001939
0.0008623
0.0004517
0.0008952
0.0001651
0.0003243
0.0002252
0.0002453
0.0001613
0.0002978
0.0007583
0.000316
9.43e-05
0.00034
0.0003765
0.0004015
0.0002052
0.0001794
0.0001453
0.0002403
0.0002336
0.0004829
0.0004776
0.0007802
3.56e-05
0.0002999
0.0001669
0.0004797
0.0002457
0.0003153
0.0004106
0.0002944
0.0005073
0.000166
0.0002267
0.0004754
0.0004008
0.0001651
0.0009835
0.0002905
0.0003904
0.0009739
0.000391
0.001083
0.0008142
0.0008819
0.0010352
0.0004511
0.0001872
0.0003841
0.0010718
0.0004072
0.0005844
0.0005457
9.23e-05
0.0004901
0.0007213
0.0004912
0.0004189
0.0003969
0.0003868
0.0001631
0.0008201
0.0006038
0.0003028
0.0002258
0.0003384
0.0004109
0.0004009
0.0003619
0.0006993
0.0002611
0.0004945
0.0012767
6.58e-05
0.0004843
0.0006961
0.0002049
0.0004302
9.97e-05
0.0001937
0.0005486
0.0011913
0.0008052
0.0011216
0.000718
0.0004912
0.0001679
0.0017113
0.0008204
0.0002316
0.0009766
0.0008918
0.0009117
0.0006189
0.0001474
0.0003558
0.0007613
7.39e-05
0.0006967
0.0008448
0.0003322
0.0002483
0.0001339
0.0002755
9.05e-05
0.000299
0.0005159
0.0003438
0.0011273
0.0001727
0.0003523
0.0013221
0.001254
0.0009395
5.19e-05
0.0002335
0.0001651
0.0006391
0.0013745
3.45e-05
0.0006433
0.0004321
0.0006047
0.0002541
0.0002957
0.0026629
0.000728
0.0002488
0.0004007
0.0002987
0.0011218
0.0002473
0.0006042
0.0001646
0.0001475
0.0002353
0.0006037
0.0009892
0.0001749
0.0009102
0.0002659
0.0006317
0.0002734
0.0004058
0.0001513
0.000195
0.0002187
0.0002322
0.0005608
0.000589
0.0002212
0.0004844
0.000758
0.0008926
0.0001845
0.0001342
0.0014912
0.0004764
0.0006377
0.0003068
0.0001813
0.0004204
0.0002921
0.0004214
0.000232
0.0003258
0.0004097
0.0008689
0.0007038
0.0001898
9.44e-05
0.0002452
0.0001827
0.0008176
0.0005148
0.0001761
0.0002154
0.0005307
0.0005986
0.0007536
0.0001574
0.0001832
0.0003521
0.0002617
0.0001419
0.0004898
0.0006464
0.0031349
0.0004313
0.0002513
0.0003999
0.0011142
0.0005702
0.0001197
0.0002598
0.0006151
0.0008347
0.000215
0.0005036
0.0005322
0.0002356
0.0004078
0.0006856
0.000526
0.0006727
0.0006951
0.0005882
0.000521
0.0003276
0.0001179
0.0008933
0.0005575
0.0004905
0.0007401
0.0003956
0.0001762
0.0006596
0.0003158
0.0007676
0.0003029
0.0001408
0.0007538
0.000759
0.0004185
0.0008007
0.0002801
0.0003035
0.0001451
0.0011383
0.0001694
0.0005432
0.0006927
0.0003319
0.000213
0.0001503
0.0005371
0.0001223
0.0001811
0.0003489
0.0010525
0.0002406
0.0002214
0.0004441
0.0010737
0.0010056
0.0003193
0.0001117
0.0001702
0.0003537
8.54e-05
0.0010683
0.0002266
0.0009173
0.0001649
0.0008917
0.0003349
0.0005974
0.000221
0.0005316
0.00018
0.0010321
0.0001621
0.0005056
0.000815
0.001152
0.0001412
0.0006912
0.0005115
0.0003884
0.000175
0.0003205
0.0003981
0.0003497
0.0005751
0.0016983
0.0003887
0.0003229
0.0003843
0.0002478
0.0004451
0.0001775
0.000778
0.0008056
0.0002835
0.00027
7.65e-05
0.0001828
0.0002794
0.0001512
0.0003014
0.0002084
0.0005532
0.0003283
0.0008275
0.0022807
0.0005245
0.0007716
0.0003443
8.11e-05
0.0007018
0.0003619
0.000503
0.0001071
0.0003428
0.000542
0.0006585
0.0004113
0.0003204
0.0003169
0.0003298
0.0011187
6.66e-05
0.0004943
0.0004142
0.0003824
0.0002941
0.0006278
7.14e-05
0.0007844
5.54e-05
9.72e-05
0.0002644
0.0006124
0.0009148
0.0002399
0.0009622
0.0006731
9.3e-05
0.0002785
0.0004701
0.0004599
0.000209
0.0002498
0.0006615
0.000446
0.0004533
0.0002983
0.0054641
0.0002211
0.0003772
0.0007451
0.0003312
0.0003697
0.0003373
7.25e-05
0.0002606
0.0003343
0.0005284
0.0002119
0.0005711
0.000588
0.0002298
0.0016532
0.0006964
0.0011836
0.0021886
0.0002308
0.0005103
0.0005283
0.000469
0.0004964
9.41e-05
0.0005852
0.0003332
6.23e-05
0.0003813
0.0004275
0.0014391
0.0002118
0.0003726
0.0001722
0.000474
0.0003701
0.0002875
0.0016755
0.0001882
0.000712
3.72e-05
0.0002616
0.0001903
0.0001712
0.0002225
0.0002731
0.0002244
0.0007645
0.0002786
0.0003509
0.0001138
0.0005632
0.001151
0.0015353
0.0005244
0.0002856
0.0007231
0.0002201
0.0003879
0.0004084
0.0002102
0.0003018
0.0001996
0.0004195
0.0003864
0.0002374
0.0010407
0.0001727
0.0002861
0.0002393
0.0011622
0.0009632
0.0002511
5.26e-05
0.0001091
0.0001581
0.0002249
0.0002693
0.0006715
0.0006627
0.0010901
0.0003931
0.0005672
0.0002841
0.0001046
0.0004156
0.0004731
0.0003356
0.0001466
0.0002082
0.0002531
0.0001878
0.0002858
0.0014165
0.0002319
0.0001879
0.0001617
0.0005109
0.0002638
0.0001127
0.0002369
0.0004994
0.0002166
0.0002022
0.0002035
0.0004742
0.0001223
0.0002124
0.0010676
0.0004175
0.0006298
0.0007858
0.0004728
0.0005598
0.0017774
0.0009556
0.0003367
0.0003632
0.0003086
0.0002252
0.0001779
0.0011484
0.0001441
0.0003027
0.0005427
0.0002368
0.0004271
0.0002061
0.0001531
0.0002456
0.0002904
0.0007641
0.0005593
0.0001921
0.000313
0.0003528
0.0003042
0.0002783
0.0001897
0.0002365
0.0002561
0.0023563
0.0001768
0.0011765
0.000232
0.0007682
0.0002854
0.0007057
0.0009039
0.0001817
0.0003169
0.0003462
0.0003196
0.0005254
0.0004486
0.0002455
0.0005305
0.0001325
0.0012234
0.0009542
0.0010037
0.0001207
0.0003001
0.0002671
0.0011794
0.0005329
0.0004838
0.0006992
0.0013037
0.0003579
0.0006277
0.0007843
0.0003439
0.0004247
0.000205
0.0002379
0.0003774
7.55e-05
0.0002753
0.0006923
0.001038
0.0003372
0.0002457
0.0004818
0.0004775
0.0004222
0.0003312
0.0001245
0.0002503
0.0004918
0.0004124
0.0004935
0.0004946
0.0004274
7.61e-05
0.0003331
0.0003956
0.000286
0.0008188
0.0003781
0.0003931
0.0003352
0.0008341
0.0001261
0.000861
0.0004042
0.0007461
0.0006309
7.83e-05
0.0002263
0.0001292
0.0004364
0.0003861
0.0002503
0.000335
0.0001995
0.0001729
0.0001631
0.0001684
0.0010295
0.0003022
0.0004607
0.0001631
0.00054
0.0003531
0.0006696
0.000734
0.0007051
0.0006647
0.000148
0.0001869
0.0004129
0.0004386
0.0008487
0.0001689
0.0001276
0.0005593
0.0005315
0.0004135
0.0002434
0.0004047
0.0007232
0.0001804
0.000308
0.0009029
0.0008726
0.0002195
0.0006417
0.0006768
0.0005709
0.0002507
0.0009676
0.0002588
0.0006977
0.0001385
0.0003088
0.0002867
0.0003206
0.0003426
0.0003803
0.0007346
0.000459
0.0001835
0.0005843
0.0001633
0.000181
0.0002798
0.0003974
0.00056
0.0001899
0.0010635
0.0013225
0.0001445
0.0001485
0.0001719
0.0004526
0.0009545
0.0006212
0.0003872
0.0003736
0.000269
0.0002107
0.0001868
0.0003141
0.0010084
0.0001921
0.0006223
0.0004457
0.0011774
0.0001604
0.0005601
0.0002644
0.0006164
0.0006327
0.0022868
0.0006707
0.0010826
158.745
