0.0008591
0.001662
0.0004966
0.0004974
0.0007541
0.0009031
0.0006052
0.0005866
0.0007961
0.0002766
0.0005622
0.0006998
0.0004873
0.0002792
0.0006668
0.0008449
0.0004329
0.0010488
0.0001305
0.0007876
0.0013594
0.0004176
0.0005029
0.0003587
0.0007474
0.0005708
0.0004955
0.0001147
0.0004762
0.0005355
0.0009118
0.0006941
0.0001298
0.0005102
0.0008105
0.000263
0.0011453
0.0002213
0.000166
0.000183
0.0008064
0.0001907
0.0009712
0.0002637
0.0004918
0.0008198
0.0003476
0.001064
0.0002549
0.0002939
0.0004463
0.0013504
0.0001725
0.0002566
0.0008761
0.0005535
0.0005063
0.0001672
0.00076
0.000277
0.0007962
0.0003641
0.0006922
0.0001102
0.0013691
0.0011695
0.0001523
0.0002927
7.53e-05
0.0011069
0.0001726
0.0003497
0.0012995
0.0002145
0.0001966
0.0010757
0.0002883
9.04e-05
0.0005473
0.0001816
0.0008208
6.07e-05
3.58e-05
0.0005634
0.0003028
0.0007627
0.0003156
0.0002081
0.0006145
0.0004757
0.0004407
0.0001408
0.0002079
0.0002895
0.0006313
0.0011114
0.0006134
0.0004273
0.0003265
0.0003649
0.0002269
0.0004371
0.0002407
0.0002372
0.0002244
0.0003474
0.000271
7e-05
0.0001399
0.0002842
0.0005122
0.0002432
0.0005397
0.0001189
0.0004495
0.0022319
0.0005224
0.0004974
0.0001562
0.0005017
0.0001288
0.0004566
0.0009681
0.0003357
0.0012287
0.0002517
0.0004258
0.0002221
0.0001033
0.0013168
0.0005616
0.0004352
0.0005265
0.0003425
0.0006721
0.0002621
0.0002923
0.0003105
0.0006196
0.0003159
0.0007127
0.0004962
0.0004181
0.0002914
0.0002453
0.0003025
0.0003411
0.0003341
0.0008482
0.0002334
0.0004165
0.0003329
0.0004838
0.0001873
0.0004183
9.07e-05
0.0011422
0.0003114
0.0009958
0.0012878
0.000159
0.0002663
4.88e-05
0.0001685
0.0002007
0.0001012
0.0007386
0.0002934
0.0004949
0.0005589
0.0001951
0.0003691
8.64e-05
0.0003415
0.0005217
0.0001079
0.0001923
0.0002637
0.0001996
0.0006894
7.97e-05
0.0002849
0.0002528
0.0010781
0.0007615
0.0011004
0.0013505
0.0010155
0.0004317
0.0003495
0.0003574
0.0002967
0.0002398
0.0003322
0.0001595
0.0002868
0.0001728
0.0002302
0.0001609
0.0001573
0.0004839
7.39e-05
0.0002883
0.0006801
0.0005049
0.0004318
0.0002313
0.0002937
0.000238
0.0004915
0.0024019
0.0001641
0.0005803
0.0002921
0.000421
0.0001923
0.0012275
0.0003859
0.0002112
0.0004167
0.000165
0.0004609
0.0002485
0.0003223
0.0002911
0.0004829
0.0005186
0.0014797
0.000138
0.0001493
0.0004178
0.0003933
7.79e-05
2.63e-05
7.19e-05
0.0012004
3.8e-05
0.0003598
0.0004997
0.000212
0.0002756
0.0015192
0.0004448
0.0001968
0.0012046
0.0002795
0.0001948
0.0003397
0.0002482
0.0005446
0.0004353
9.22e-05
0.0005802
0.000366
0.0003852
0.0002706
0.0003232
0.0002028
0.0007048
0.0013288
0.0001375
0.0001204
0.0002585
0.0002187
0.0001674
0.0002931
0.0004873
0.0008191
0.0004516
0.0012239
0.0006169
0.0005214
0.0016036
0.0002642
0.0006235
0.0010778
0.000132
0.0004008
0.0001225
0.0001491
0.0041801
0.0018918
0.0002717
0.0002432
0.000293
8.3e-05
0.0002451
0.0011069
0.0001127
8.75e-05
0.0012377
0.0005148
0.001236
0.0002428
8.24e-05
0.0005458
0.0003091
0.0002541
1.91e-05
0.0001809
0.0002397
0.0011388
0.0002321
0.000243
0.0010592
0.0002603
0.0007211
0.0005048
0.0011985
0.001143
0.0005604
0.000214
0.0007286
0.0002208
0.0003587
0.0004618
0.000492
0.0003568
0.0014773
0.0005685
0.0002948
8.44e-05
0.0005923
0.0003701
0.0004756
0.0012899
0.0002745
0.0002455
0.0007252
0.0014916
0.0004117
0.0002949
0.0001648
0.0009734
9.51e-05
0.0003724
0.0003729
0.00265
0.0002664
0.0001209
0.0013602
0.0003443
0.0003137
0.0006696
0.0003925
0.0003868
0.0002599
0.0002759
0.0005105
0.0003663
0.0007381
0.0003797
0.0002786
0.0007798
0.0001401
0.0004569
0.0003927
0.0013452
0.0003568
0.0001586
0.0001845
0.0002086
0.0004246
0.0005539
0.0006806
0.0004687
0.0005313
0.0004102
0.000956
0.0003395
0.0005289
0.0001469
0.0002434
0.0001542
0.0002052
0.0011067
0.0004469
0.0001755
0.0003388
0.0003007
0.0004814
0.0002604
0.0004519
0.000286
0.0003388
0.0002949
0.0003353
0.0002212
0.0008496
3.46e-05
0.0002678
0.0004941
0.0002358
0.0002872
0.0014705
0.0004397
0.0004141
0.0007253
5.89e-05
0.0004162
0.0005462
0.0008365
0.000107
0.001131
0.000386
0.000548
0.0012241
0.0008282
0.0013396
0.0001095
0.0010197
0.0011361
0.0005441
0.0002588
0.0004084
0.001228
0.0004826
0.0005592
0.0005849
0.0001576
0.0009341
0.0006414
0.0003821
0.0006851
0.00034
2.17e-05
4.12e-05
0.0006295
0.000246
0.0007949
0.0005722
0.0004326
0.0002796
0.0003604
0.0002688
0.0005599
0.0003393
0.0004741
0.0013075
0.0001977
0.0005316
0.0004137
0.0002248
0.0003178
9.67e-05
9.25e-05
0.0004083
0.0010223
0.0012996
0.0010102
0.0007413
0.0004523
0.0002679
0.0020879
0.0010952
0.0002068
0.0013032
0.0011144
0.0011414
0.0007131
0.000262
0.0006823
0.0011307
0.0001593
0.0008433
0.0004331
0.0003083
0.0003584
2.4e-05
0.0003207
9.16e-05
0.000341
0.0004274
0.0001716
0.0011895
0.0001306
0.0001979
0.0009213
0.0012615
0.0008039
0.0003476
0.0001068
0.0005688
0.0011003
0.0014718
0.0005676
0.0003626
0.0004358
0.0003634
0.0003839
0.00024
0.0020651
0.0004579
0.0002211
0.0002845
0.0002417
0.001556
0.0001816
0.0009811
0.0002502
0.0001279
0.0001172
0.0010038
0.0008802
0.0001111
0.0010593
0.0003448
0.0007086
0.0002938
0.0002519
0.000418
0.000241
0.000208
0.0002295
0.0007253
0.0003374
2.23e-05
0.0002494
0.0005233
0.0004318
0.000394
0.0002287
0.0026481
0.000337
0.0006702
0.000185
0.0001209
0.0004284
7.22e-05
0.0010027
0.0001939
0.0002398
0.0001528
0.0006432
0.0006606
9.06e-05
0.0002123
0.0001108
0.0001869
0.0005983
0.0004936
0.0003097
0.0005078
0.0001121
0.000854
0.0007044
0.0003962
0.0002141
0.0005733
0.0001756
0.0001496
0.0004229
0.0005964
0.0013404
0.000259
0.0003549
0.0003225
0.0012568
0.0007596
0.0001192
0.0001646
0.0005425
0.0005913
0.0002857
0.0002483
0.0003138
0.0002365
0.000535
0.0007927
0.0004607
0.0007189
0.0002428
0.0008775
0.0004377
0.0004595
0.0003962
0.0013074
0.0004912
0.0003988
0.0001918
0.0007586
0.0003547
0.0010135
0.0001048
0.0007592
0.0004856
0.0003127
0.0006312
0.0005879
0.0004363
0.0007404
0.0004394
0.0005597
0.0002114
0.0013785
0.0001073
0.0007817
0.0021313
0.0003281
0.0001858
0.000216
0.0006653
0.0002251
0.0003385
0.0008078
0.0008719
0.0001391
0.0003896
0.0003887
0.0014266
0.0008394
0.0003255
0.0002558
0.0002088
0.0001753
0.0003103
0.0002451
0.0002609
0.0007515
0.0003712
0.0001995
0.000368
0.0006701
0.0001971
0.0009987
5.99e-05
0.0012381
0.0003275
0.0007073
0.0001361
0.0010848
0.000201
0.0008322
0.0007327
0.0005415
0.000155
0.0001659
0.0009416
0.0003022
0.0004576
0.0020473
0.0005214
0.0004991
0.0003807
0.0002573
0.0006717
0.0002983
0.0011459
0.0011585
0.0004401
6.4e-05
0.0002567
0.0004247
0.0010201
8.54e-05
0.0005495
0.0001949
0.0004442
0.0001369
0.0006769
0.002195
0.0002274
4.49e-05
6.31e-05
0.0002622
0.0005617
0.000251
0.0007254
0.0002249
0.0003655
0.0005834
0.0002143
9.23e-05
0.0001788
3.17e-05
0.0005066
0.0007421
0.0003856
0.0001297
0.0001091
0.000424
5.61e-05
0.0007048
0.0005213
0.0004143
2.33e-05
8.64e-05
0.000138
0.0002618
0.000665
0.0003988
0.0011737
0.000172
0.0002544
0.0001197
0.0003618
0.0001874
0.0003105
0.0002039
0.0002998
0.0004615
0.0003959
0.0002049
0.0020503
0.0001377
0.0003924
0.0008621
0.0002368
0.0003306
0.0005597
0.0001439
0.0002634
0.0003975
0.00015
0.0001895
0.0004748
0.0007698
0.0002452
0.0023065
0.0001899
0.0013493
0.0004101
0.0008703
0.0007087
0.0001652
0.0001327
0.0003393
5.87e-05
0.0001888
0.000245
0.0002609
0.0006219
0.0003491
0.0022228
0.0002975
0.0002913
0.0003162
0.0004791
0.0002276
0.0004234
0.0009784
0.0004355
0.0008509
0.0001151
0.000384
0.000182
0.0003612
0.0002406
0.0003647
0.0006155
0.000841
0.0008133
0.0003981
0.0003465
0.0005596
0.001727
0.0024065
0.0008452
0.0002547
0.0006603
6.66e-05
0.0005184
0.0008044
0.0002701
0.0004835
0.0003099
0.000541
0.0004507
0.0005368
0.0009777
0.0002718
0.0002743
0.0002989
0.0012553
0.0011985
0.0002227
2.66e-05
0.0002129
0.0005208
0.0004191
0.0003943
0.000706
0.0007382
0.0012198
0.0004415
0.0006394
0.0006151
0.0002345
0.0002258
0.0003825
0.0004389
0.0001207
0.0002763
0.0002149
0.0002686
0.0004304
0.0014288
0.0003186
0.0002383
0.0002389
0.0006528
0.0002019
0.0002659
0.0004415
0.0004489
0.0003081
0.0003387
8.16e-05
0.0003902
0.0002299
0.0003021
0.0012062
0.0004068
0.0006059
0.0008517
0.0003205
0.0005468
0.0014727
0.0007857
0.0003607
0.0003608
0.0001911
0.0001781
0.0001481
0.0012284
0.000409
0.0004039
0.0005842
0.0003698
0.0004172
0.0002875
0.000167
0.0003549
0.0006361
0.0008716
0.0005325
0.000192
0.0005791
0.0007042
0.0009072
0.0005922
0.0002055
0.0002544
0.0004326
0.0020542
0.0002363
0.0007647
0.0002438
0.0011473
0.0003146
0.0003134
0.0003381
0.0001742
0.0002075
0.0001787
0.0002435
0.0005002
0.0003064
0.000161
0.0001386
0.0003196
0.0008861
0.000836
0.0011343
0.0003785
0.0003757
0.0004768
0.0009633
0.0004092
0.0003444
0.0004449
0.0009563
0.0003146
0.0002487
0.0008364
0.0001907
0.0002725
0.0002104
0.0002371
0.0002949
7.45e-05
0.0003293
0.0004504
0.0006765
0.0002269
7.6e-05
0.0004809
0.0006985
0.0003082
0.0002612
0.0003663
0.0001548
0.0004599
0.0004203
0.0002915
0.0004384
0.0002854
0.0002389
0.000124
0.0004257
0.0002717
0.0004814
0.0003964
0.0005267
0.0002061
0.0008634
6.3e-05
0.0003837
3.61e-05
0.000193
0.0003195
0.0001106
0.0001427
0.0002917
0.0002471
0.000139
0.0001685
9.75e-05
0.0001505
0.0001452
0.0001759
7.13e-05
0.0012698
0.0002891
0.0001793
0.0002667
0.0001733
0.0002092
0.0006529
0.0010486
0.0003827
0.0002843
0.0002582
0.0002471
0.000169
0.0002143
0.0007153
0.0004906
7.04e-05
0.0005707
0.0004597
0.0004322
0.0001675
0.0006116
0.0007919
0.0003005
0.0001957
0.0003806
0.0010653
0.0003029
0.0004429
0.0005088
0.0004916
0.0002334
0.0010889
0.0002747
9.25e-05
0.0001309
0.0001129
0.0002714
0.0003189
0.0003253
0.0003641
0.0006296
0.0002968
0.0001628
0.000182
8.04e-05
0.0001804
0.0001753
0.0004113
0.0002949
0.0001334
0.0009204
0.0010613
0.000154
0.0001993
0.0004235
0.0002364
0.001714
0.0006476
0.0001903
0.0003878
0.0002547
0.0001188
7.49e-05
0.0002949
0.0017325
7.12e-05
0.0005388
0.0005768
0.0012296
8.49e-05
0.0003609
0.0002537
0.0004262
0.0004988
0.0024919
0.00029
0.0008864
161.814
