0.000438
0.0018331
0.0001358
0.000289
0.0004839
0.0001618
0.000552
0.0001938
0.0014307
0.0004347
0.0005931
0.0006201
0.0005774
0.0001395
0.0002008
0.0011594
0.0002531
0.0016964
0.000261
0.0015753
0.0006878
0.0003134
0.0005983
5.46e-05
0.000278
0.0012028
0.0004744
0.000407
0.0002917
0.0001887
0.0004276
0.0009126
8.34e-05
0.0006428
0.0007983
8.41e-05
0.001187
0.0002846
0.0002616
0.0001329
0.0003296
7.64e-05
0.0016198
0.0004043
0.0012755
0.0008024
0.0008351
0.0010343
0.0002628
0.0002635
0.0002586
0.001641
0.0002325
0.000174
0.0007194
0.0005343
0.0005697
0.0002748
0.0013481
0.000446
0.0010026
0.0001531
0.000381
3.18e-05
0.0013231
0.0011054
0.0001786
0.0006245
0.0006498
0.0012726
0.0001039
0.0001228
0.0015484
0.000478
6.25e-05
0.001116
0.0005448
0.0001659
0.0009398
0.0001418
0.0007515
3.56e-05
7.08e-05
8.72e-05
0.0002692
0.0001728
9.06e-05
0.0002158
0.0004482
0.0004278
7.86e-05
0.0001837
0.0002388
8.47e-05
0.0004347
0.0012375
0.0005949
0.0002586
0.0001768
0.0002058
0.000459
0.0002384
0.0001939
0.0002738
0.0003868
0.0004581
0.000389
0.0001769
0.0001361
0.0001128
0.0003095
8.76e-05
0.0004984
0.0001743
0.0002848
0.002987
0.0007121
0.0005573
0.0002502
0.0004334
0.0005346
0.0009863
0.0012904
0.0001491
0.0009648
0.0003933
0.0006327
0.0005207
3.53e-05
0.0011268
0.001073
0.0007793
0.0003997
0.0003009
0.0006246
0.0001569
0.0002327
0.0002514
0.0004978
0.0002825
0.0001915
0.0003749
0.0004958
6.34e-05
0.0001828
0.000249
0.0002853
0.0002986
0.0002577
0.0003537
6.54e-05
0.0003586
0.000337
0.0002583
0.0004776
0.000476
0.0017049
0.0003428
0.0005579
0.0012088
8.77e-05
0.0002101
0.0002067
0.0003605
0.0001745
0.0001175
0.0012272
4.11e-05
0.00045
8.17e-05
0.0001568
0.0002202
6.66e-05
0.0001716
0.0007041
9.67e-05
0.0001343
0.0001978
0.0002255
0.0005674
0.00016
0.0005002
0.0003477
0.0009523
0.0007206
0.0011812
0.0011303
0.0012525
0.0001467
0.0001141
0.000308
0.000258
0.0001791
0.0004243
0.0001207
0.0001969
0.0001635
0.0001726
0.0001137
0.0001631
0.0004385
0.0001352
0.0001721
0.0008432
0.0003987
0.0002651
3.42e-05
0.0001101
0.0003027
0.0002305
0.0017085
5.55e-05
0.0005645
0.0001031
0.0007483
9.71e-05
0.0011736
0.0006128
0.0002903
0.0005426
0.0004796
0.0005822
0.0003076
0.0002343
0.0002192
0.0002303
0.0002373
0.0017619
0.0001698
8.23e-05
0.0002175
0.0003368
0.0001558
2.48e-05
0.0002705
0.0011116
2.62e-05
0.0001124
0.0002054
0.0001621
0.0003451
0.0018079
0.000767
0.0001482
0.0005294
0.0001898
0.0001701
0.0006013
0.0002053
0.0004214
8.12e-05
6.43e-05
0.0002099
0.0003059
0.000145
0.0002827
0.0003311
4.68e-05
0.000718
0.001285
0.000115
4.86e-05
0.0001922
0.0003347
0.0002842
0.0001572
0.00027
0.0011278
0.0002019
0.0010551
0.0006828
0.0005112
0.0017772
0.0002606
0.0002497
0.001175
0.000114
0.0005285
7.2e-05
0.0001765
0.0011176
0.0012051
0.0001362
0.0003536
0.0002164
7.04e-05
7.51e-05
0.0020608
0.0002634
0.000121
0.001225
0.0002197
0.0011259
0.0002223
9.67e-05
0.0003412
3.92e-05
0.0001719
2.74e-05
0.0002268
4.35e-05
0.0013215
0.0001894
0.0003181
0.0003324
0.0003162
0.000349
0.0001992
0.0012992
0.000631
0.0001391
0.000269
0.0003767
0.0001259
0.000198
0.0003168
0.0001861
0.0001437
0.00113
0.0004828
0.0002094
5.07e-05
0.0003847
0.0002661
0.0005109
0.0011843
0.000133
0.0001025
0.0005079
0.0010476
0.000395
0.0003527
0.0002005
0.0007777
4.65e-05
0.000356
0.0001621
0.0020377
8.9e-05
7.89e-05
0.0010226
0.0001089
0.0002428
0.0006517
0.0002544
0.0005641
0.000194
6.95e-05
0.000377
0.0002752
0.0010506
0.0002949
0.0004053
0.0006624
2.82e-05
0.000407
0.0003696
0.0020638
0.0001274
0.0001267
4.65e-05
0.0002307
0.0004026
0.00018
0.0003684
4.65e-05
9.34e-05
8.36e-05
0.0010158
0.0001411
0.0001295
0.0001299
9.2e-05
0.0001812
0.0002409
0.0010695
9.58e-05
0.0001359
0.0001495
0.0002582
0.0002441
7.89e-05
0.0001657
0.0002316
0.0003654
0.0002041
0.0002181
0.0002233
0.0008389
6.04e-05
0.0002758
0.000331
6.86e-05
0.0002707
0.000164
0.000506
0.0002585
0.0005278
7.3e-05
0.0001364
0.0001804
0.0001783
9.42e-05
0.0011873
0.000276
0.0001031
0.0012636
0.000337
0.0018315
0.0006158
0.0010026
0.0017328
0.0004998
0.0004016
0.0003977
0.0011781
0.0004498
0.0004383
0.0005045
3.69e-05
0.0009568
0.0007607
0.0004366
0.000305
0.0001546
2.56e-05
8.15e-05
0.0005481
0.0001399
0.0004226
0.000229
0.0004138
0.0002051
0.0003032
0.0003408
0.0007972
0.0003098
0.0005951
0.0014
7.87e-05
0.0005854
0.000255
0.000237
0.0005262
0.0001742
0.0001746
0.000449
0.0019389
0.0013107
0.0013821
0.0004097
0.0003511
0.0001251
0.0017465
0.0015156
8e-05
0.0014771
0.0013643
0.001383
0.000799
0.0001875
0.0004528
0.0010337
0.0001307
0.0008278
0.0004493
0.0004387
0.000481
0.0001661
0.0005808
0.0001548
0.0004195
0.0004802
0.000124
0.0012787
0.000248
0.0004531
0.0001954
0.0010969
0.0011522
0.0001998
0.0001732
0.0002612
0.000189
0.001759
7.99e-05
0.0002566
0.0005458
0.0003322
0.0002513
0.0003385
0.0026992
0.0007219
0.0002748
0.0003016
0.0003311
0.0013541
0.000263
0.0007421
0.0002013
0.0003426
0.0002131
0.0010599
0.0013111
0.0002126
0.0013048
0.0003427
0.0005498
0.0004248
8.83e-05
0.0001705
0.0001104
0.0002358
0.0003591
0.0005308
0.0007895
7.09e-05
0.000422
0.0003259
0.0004815
0.0005344
0.0003138
0.002497
0.0002751
0.0009649
0.0004081
0.0002882
0.000578
0.0005571
0.0005785
0.0002886
0.0003411
9.1e-05
0.0010196
0.0007543
9.63e-05
0.0001191
0.0002583
0.0003189
0.0010573
0.0004468
0.0001545
0.0003498
0.0007149
0.0007746
0.0005098
0.0001597
0.0001166
0.0002569
0.0001449
0.0001573
0.0002239
0.0007223
0.0013494
0.0005543
0.0004371
0.0007125
0.001148
0.0005961
0.0002168
0.0002021
0.0007938
0.0009116
0.0003726
0.0004161
0.0005638
0.000356
0.0003658
0.0008167
0.0004789
0.0009006
0.0002607
0.0007033
0.0005057
0.0007073
0.000292
0.0010278
0.000474
0.0005297
0.0002521
0.0005825
0.0002491
0.0011563
0.0002009
0.0008852
0.000296
0.0001228
0.0008784
0.0008403
0.000506
0.0008363
0.0002162
0.000121
6.03e-05
0.0013185
0.0002259
0.0005182
0.001194
0.0001807
0.0002693
0.0003266
0.0005686
0.0001196
6.19e-05
0.0007464
0.0015652
0.0002208
0.0003752
0.0004691
0.0015357
0.0008717
0.0004229
0.0002028
9.25e-05
0.0001695
5.08e-05
0.0002095
0.0002881
0.0005701
0.0001639
8.16e-05
0.0002465
0.0005436
0.0002144
0.0004957
0.0001417
0.0012656
0.0001939
0.0004185
0.0002156
0.0013169
0.0001577
0.0009915
0.0006114
0.0004232
8.17e-05
0.0001901
0.0006296
0.0001431
0.000266
0.0022843
0.0001795
0.0014349
0.0001933
0.000271
0.000468
0.0003806
0.0011383
0.0012106
0.0003061
0.0001169
4.92e-05
7.16e-05
0.0001591
0.0001636
6.99e-05
0.0001962
0.0002138
0.0001889
0.0009456
0.0012508
0.0002055
0.0002439
0.0004405
0.0003626
0.0004619
0.0001471
0.0004011
0.0001413
0.0004152
0.0005521
0.0001061
0.0001149
9.21e-05
4.51e-05
0.0003598
0.0009504
7.8e-05
0.0001032
0.0001327
0.0003336
9.74e-05
0.0005702
7.77e-05
0.0003206
2.78e-05
9.99e-05
0.0002495
9.28e-05
0.0001433
0.0001235
0.0012834
0.0002804
0.0002994
0.000126
0.0004424
0.0002493
0.0001858
0.0002296
0.0001517
0.0003915
0.0001395
0.0001877
0.0024595
0.0002107
0.0001391
0.0007301
0.000253
0.0002286
0.0006582
7.59e-05
0.0004211
0.0001948
0.0001739
0.0001299
0.0005154
0.0008645
0.0002709
0.0026499
0.0001631
0.0011942
0.0005401
0.0001806
0.0006053
0.000254
0.0001093
6.52e-05
0.0001174
8.97e-05
0.0003389
0.0002028
0.000369
0.0004477
0.0025088
0.0002319
0.0003041
0.0003264
0.0003235
0.0003273
0.0003741
0.0012822
0.0002652
0.0010771
0.0002836
0.000438
0.000227
0.0002193
0.0001849
0.0003453
0.0004752
0.0010067
0.000528
0.0004569
0.0002929
0.0005758
0.0016604
0.0025036
0.0008984
0.0003839
0.0007586
0.0002469
0.0006219
0.0006781
0.0002965
0.0004025
0.0001131
0.0007903
0.0004028
0.0002069
0.0013005
9.34e-05
0.0001936
0.000269
0.0012225
0.0012397
0.0004262
0.0002323
0.0001404
0.0002388
0.0003002
0.0002848
0.0007793
0.0001617
0.0016611
0.0004929
0.0003139
0.000274
0.0002075
0.0003013
0.000409
0.0004227
0.000288
0.0002571
0.0003705
0.0001737
0.0002285
0.0019189
0.0002058
0.0002439
0.000151
0.0006748
0.0003208
9.71e-05
0.000306
0.0004998
3.22e-05
5.58e-05
7.54e-05
0.0005389
0.0002801
0.0002433
0.001172
0.0003374
0.0004031
0.0013143
0.0003059
0.0006272
0.0017845
0.0013813
0.0003441
0.0001567
0.0001713
0.0001104
0.000124
0.0012281
9.25e-05
0.0003008
0.0006865
9.9e-05
0.0006951
0.0002666
0.0002741
0.0002226
0.0003718
0.0006672
0.0005075
0.0002795
0.000368
0.00021
0.0001303
0.0002792
0.000206
0.0003042
0.0002836
0.0019909
0.0003172
0.0010694
0.0001896
0.0016302
0.0002852
0.0004481
0.0001781
0.0001832
6.38e-05
0.0001244
0.0002789
0.0006425
0.0003827
0.0001656
0.000366
0.026785
0.0012522
0.0007204
0.0040809
0.0003231
0.0003564
0.000314
0.0010392
0.0005471
0.0004883
0.0014711
0.0012908
0.0006218
0.000394
0.0013643
0.0002149
0.0005037
0.0001713
0.000257
0.0003624
0.0001344
0.0001969
0.0008169
0.0006596
0.0004387
0.0002
0.0005714
0.0006295
0.0006535
0.0002807
0.0001218
0.0002662
0.0004439
0.0004802
0.000496
0.0004108
0.0005349
0.0002024
0.0002885
0.0006276
0.0002339
0.0002496
0.000612
0.0006085
0.0002206
0.0009205
0.0001657
0.0006695
0.0002499
0.0002189
0.0005105
8.04e-05
0.0002874
0.0002343
0.0004808
0.0003124
0.0002919
0.0001212
0.0002477
0.0003585
0.0001741
0.0001799
0.001186
0.0002109
6.05e-05
0.0006139
4.81e-05
7.92e-05
0.000936
0.000952
0.000324
0.0005066
0.0004092
0.0002246
0.0002783
0.0003384
0.0008784
2.6e-05
0.0001133
0.0008017
0.0006008
0.0004262
0.0003444
0.0004266
0.0005982
6.76e-05
0.0005597
0.0005118
0.0014465
0.000264
0.0008146
0.0008571
0.0005651
0.0003598
0.0014855
0.0003657
0.0001243
0.0001148
0.0001308
0.0001233
0.0002628
0.0003916
0.0002534
0.0008623
0.0004141
0.0003161
0.0001605
0.0002278
5.62e-05
0.0003367
0.000259
0.0005072
0.0004146
0.001566
0.0011653
0.0001938
0.0001506
0.0001912
0.0003124
0.0013081
0.0004206
0.0001939
0.0003025
0.0002698
0.0001976
0.0001186
0.0001695
0.0011714
0.0001545
0.0005167
0.000568
0.0012507
0.0002287
0.0005168
0.0001388
0.00039
0.0005386
0.0025656
0.0001856
0.001253
160.309
