0.002705
0.0012522
0.0002908
0.0010946
0.0002785
0.0005731
0.0002951
0.000657
0.0010121
0.0002497
0.0003696
0.0005779
0.0005445
0.0004963
0.0011536
0.0006002
0.0002752
0.0007912
0.0005063
0.0002808
0.0014382
0.0004398
0.0005631
0.0004623
0.0002214
0.0008452
0.0004696
0.0004716
0.0001674
0.000668
0.0004161
0.0005244
0.0001274
0.0004456
0.000597
5.27e-05
0.0007057
0.0001495
0.0001606
0.0001859
0.0001808
0.000121
0.0006934
0.0002159
0.0005708
0.0005649
0.0004006
0.0010107
0.0001388
0.0002917
0.0003596
0.0012243
0.0008234
0.0002959
0.0006492
0.0006958
0.000763
0.0002057
0.0008002
0.0005175
0.0006299
0.0003841
0.0004345
0.000299
0.0009131
0.0009404
0.0005304
0.0003254
0.0003751
0.0008597
0.0001024
0.0003624
0.0009381
0.0001953
0.0001577
0.0016588
0.0004689
0.000403
0.0017539
0.0002382
0.0012475
9.71e-05
0.0001161
0.0002377
0.0003516
0.0006754
6.23e-05
0.0002138
0.0003403
0.000361
0.0005295
0.000161
0.0003058
0.0001538
0.0005387
0.0011714
0.0005155
0.0003322
0.000125
0.0003234
0.0003214
0.000445
0.0001395
0.000224
0.0002273
0.0004033
0.0003312
0.0001081
0.000344
0.0003442
0.0003719
0.0001335
0.0003048
8.75e-05
0.0001883
0.0022627
0.0007519
0.0008365
0.0001923
0.0004396
0.0001586
0.0005163
0.0008646
7.78e-05
0.0007861
0.0002542
0.0004685
0.0001494
8.41e-05
0.0010681
0.0005457
0.0002448
0.0007515
0.0005648
0.0003942
0.0005105
0.0001837
0.0003314
0.000595
0.0001353
0.0005624
0.000216
0.000148
0.0001723
0.0002081
0.0002061
0.000163
0.0003875
0.0006116
0.00019
0.0004264
0.0001734
0.0002406
0.0001499
0.000775
0.0001014
0.0014411
0.0001834
0.0005035
0.0010483
0.0002435
0.0001531
0.0001818
0.0002857
0.0001691
0.0001906
0.0009081
0.0002101
0.0007561
0.0002775
0.0003095
0.0003234
0.0002302
0.0003844
0.0005704
0.0003237
0.0001948
0.0001385
0.0001666
0.0006011
0.0001871
0.0001374
0.0002596
0.0009751
0.0006116
0.0009398
0.0009538
0.0009483
0.0005655
0.0004519
0.0004537
0.0004408
0.0002197
0.000549
0.0001597
0.0001981
0.0001641
0.0002355
9.73e-05
0.0001548
0.0003672
0.0001975
0.0006376
0.0006694
0.0005002
0.000311
0.0002081
0.0003451
0.000286
0.0003925
0.0019647
0.0001363
0.0004552
0.0002946
0.0005981
0.0004674
0.001019
0.0005114
0.0002756
0.0004457
0.0002147
0.0003358
0.000415
0.0001623
0.0003565
0.0002591
0.0004237
0.0015856
0.0002234
0.000137
0.0002547
0.0003507
0.0004309
0.0001448
0.0007846
0.0007491
8.92e-05
0.000325
0.0012367
0.0002765
0.0003515
0.0014729
0.0009072
0.0009427
0.0004859
0.0003551
0.0001882
0.0009043
0.0004956
0.0005396
0.0002066
0.0002038
0.000379
0.0004454
0.0003711
0.000347
0.000467
0.0001417
0.0006407
0.0008573
0.0003039
0.0002069
0.0001682
0.0005477
0.0001872
0.0003135
0.0002639
0.0008898
0.0004021
0.001647
0.0005123
0.0004214
0.000932
0.0003211
0.0010056
0.0010276
0.0001109
0.0002819
0.0001591
0.0002123
0.000741
0.0007817
0.0002584
0.0002028
0.0002106
0.0002257
0.0004156
0.001044
0.0005037
0.000207
0.0009218
0.0003415
0.0009941
0.0002069
0.0001698
0.000189
0.0002126
0.000212
6.76e-05
0.0003746
0.000262
0.000919
0.0004047
0.0003781
0.0003468
0.0003693
0.0004271
0.0005347
0.0009414
0.0005555
0.0001616
0.0003864
0.0003882
0.0003598
0.0004859
0.0007975
0.0006021
0.0003344
0.0020485
0.0004154
0.0003157
0.0005771
0.0002913
0.0003987
0.0002976
0.0013299
0.0001422
0.0001805
0.000501
0.0007466
0.0004602
0.0003867
0.0001838
0.0006065
0.0001277
0.0003695
0.0003094
0.0017146
0.0002208
0.0002285
0.0006393
0.0001299
0.0003052
0.0007774
0.0002931
0.0002503
0.0002449
0.0001594
0.0002181
0.0003133
0.0008554
0.0002709
0.0005066
0.0007023
0.0001026
0.0004815
0.0004556
0.000984
0.0003913
0.000124
0.0001107
0.000219
0.0005547
0.0003176
0.0005636
0.0002228
0.0004427
0.0002956
0.0007977
0.0001739
0.0002859
0.0002433
0.0004072
0.0001797
0.0002007
0.0005544
0.0003095
0.0001837
0.000201
0.0002745
0.0003985
0.0003543
0.0002467
0.0001512
0.0002519
0.0001983
0.0013594
0.0002215
0.0008629
0.0001163
0.0002275
0.000203
0.00019
0.0002049
0.0002271
0.0003699
0.0003239
0.0004241
9.13e-05
0.0001619
0.0005005
0.0003686
0.0001918
0.0010946
0.0002944
0.0005329
0.0009633
0.0003086
0.0010411
0.0004489
0.0013751
0.0011562
0.0003796
0.0002011
0.0005178
0.0011588
0.0004973
0.0005655
0.0004765
0.000195
0.000894
0.0006223
0.0004485
0.0004107
0.000141
0.0001736
0.0001115
0.0005345
0.0001402
0.0002575
0.0003075
0.0003215
0.0002286
0.0005251
0.0002726
0.0008568
0.0001118
0.0003749
0.0010652
5.8e-05
0.0005998
0.0001343
0.0002742
0.0004784
0.0002941
0.0002438
0.0004173
0.0011268
0.0009052
0.0007179
0.0001723
0.0005824
0.0001089
0.0016639
0.0013349
0.0005526
0.0012376
0.0007539
0.0006891
0.0004904
7.56e-05
0.0003752
0.0004776
0.0001371
0.0006315
0.0003397
0.000264
0.0003873
9.76e-05
0.0005052
0.0001313
0.0002273
0.0003987
0.0002085
0.0009295
0.0001609
0.0003991
0.0002685
0.0008695
0.0011262
8.06e-05
0.0004359
0.000339
0.0006106
0.0010818
8.14e-05
0.0001268
0.0003137
0.0001856
0.0002565
0.0003368
0.0022137
0.0005282
0.0003314
0.0002376
0.0002196
0.0009662
0.0002924
0.0009837
0.0002092
0.0001434
0.0002252
0.000867
0.0009609
0.000196
0.0007843
0.0004648
0.0005523
0.0003792
0.0002824
0.0016448
8.95e-05
0.0003129
0.0003771
0.0005164
0.0004119
0.0001781
0.0002641
0.0001845
0.0008256
0.000209
0.0001997
0.0015077
0.0002513
0.0006685
0.0002438
0.0003817
0.000432
0.0003839
0.0002627
0.0002079
0.000273
0.0002422
0.0012083
0.0005726
0.0001688
0.0001446
0.0001622
0.0001852
0.0009802
0.0006336
0.0004353
0.0002491
0.0001927
0.0005678
0.0009124
0.0003024
0.0003829
0.0004755
0.0003065
0.0001856
0.0002901
0.0005682
0.0007734
0.0002844
0.0001453
0.0003074
0.0009718
0.0005237
0.0002879
0.0001271
0.000644
0.0007873
0.0005737
0.000208
0.0002902
0.0002599
0.0008306
0.00114
0.0005811
0.0006513
0.0003472
0.0007165
0.0006617
0.0003505
0.0004571
0.0011898
0.0002618
0.0004639
0.0006284
0.0003503
0.000159
0.0009431
0.000101
0.000573
0.0001587
0.0001736
0.0004906
0.0005018
0.0003944
0.0006903
0.0003313
7.83e-05
7.99e-05
0.0011533
0.0002489
0.0005321
0.0009361
0.0001356
0.0002361
0.0001944
0.0003948
0.0002961
5.34e-05
0.0004491
0.0008816
0.0001523
0.000235
0.0004017
0.0009594
0.0007215
0.0005139
0.0009606
0.0003434
0.0002452
0.0001415
0.0003681
0.0002168
0.0007267
0.00022
0.0001956
0.0004012
0.0006471
0.0002433
0.0005929
0.0002363
0.0009389
0.0001849
0.000317
0.0002922
0.0009156
7.76e-05
0.0007226
0.000465
0.0002828
0.0001797
0.0003271
0.0005266
0.0003831
0.0006122
0.0021137
9.74e-05
0.0004605
0.0002823
0.0001928
0.000511
0.0002938
0.000514
0.0009774
0.0003549
0.0001988
0.0001322
8.3e-05
0.0002084
0.0001677
0.0002897
0.0002981
0.0005288
0.0004092
0.0008731
0.0012636
0.000244
0.0002796
9.48e-05
8.8e-05
0.0002709
5.98e-05
0.0002494
7.05e-05
7.7e-05
0.000467
0.0001319
0.0001992
0.0001304
0.0001274
0.0003538
0.0006157
0.0001491
0.0002572
0.0006009
0.000376
0.0004024
0.000649
0.0003006
0.0005403
6.86e-05
0.0001634
0.0002172
0.0005282
0.000221
0.0004535
0.0012222
0.0001422
0.0002607
4.39e-05
0.0002729
0.0002832
0.0003151
0.0002427
0.0002189
0.000307
0.000395
0.0002093
0.0027017
0.0002442
0.0002413
0.0006028
0.0002269
0.0003421
0.0005802
8.01e-05
0.0002459
0.0003444
0.0003906
0.0002747
0.0005315
0.0007696
0.000266
0.0021764
0.0004189
0.0010653
0.0004488
0.0001399
0.000546
0.0004557
0.0005142
0.0004605
0.0001921
0.0001689
0.0002521
0.0004986
0.0008605
0.000219
0.0023705
0.0003689
0.0004544
0.0001519
0.0006565
0.0002322
0.0002996
0.0007004
0.0003726
0.0006803
0.0002384
0.0002235
0.0003314
0.0002541
0.0003708
0.0003185
0.0002448
0.0007843
0.0004535
0.0005282
0.0002507
0.0005131
0.0017082
0.0025619
0.0011899
0.0002367
0.0006176
0.0002117
0.0004915
0.0005058
0.0002981
0.0002986
0.0002787
0.0003901
0.0005904
0.0003134
0.0008906
0.0002535
0.0006348
0.0005712
0.0009683
0.0009607
0.0002119
7.86e-05
0.0001773
0.0002193
0.0001446
0.0004554
0.0006383
0.0004348
0.0007724
0.0004377
0.0003351
0.0004199
0.0001619
0.0002684
0.0004735
0.0005287
0.0001847
0.0003549
0.0001913
0.0008528
0.0001707
0.0011126
0.0001351
0.0001909
7.13e-05
0.0003896
0.0001731
0.00028
0.0001771
0.0008588
9.67e-05
9.64e-05
0.0001726
0.0003969
0.0001528
0.000194
0.0010909
0.0002929
0.0005091
0.0008016
0.0005205
0.000532
0.0011845
0.0008876
0.0006761
0.0002582
0.0003132
0.0002875
0.000191
0.0009981
0.0005395
0.0003575
0.0005707
0.0001778
0.0005026
0.0004841
0.0001525
0.0002132
0.0003972
0.000781
0.0005151
0.0002896
0.0003056
0.0004261
0.0002236
0.000497
0.0002405
0.0002589
0.000265
0.0015644
0.0003414
0.0012131
0.0002989
0.0010488
0.0003938
0.0003041
0.000349
0.0001604
0.0002267
0.000153
0.0001679
0.0004934
0.0003818
0.0001394
0.0002618
0.0002485
0.0008398
0.0006628
0.0009379
0.0002027
0.0002519
0.000246
0.0005729
0.0005821
0.0003088
0.0005739
0.0008786
0.0003619
0.0003188
0.0010638
0.0002067
0.0004225
0.0001749
0.0004951
0.0002585
0.0001229
0.0004152
0.0005408
0.000849
0.0005935
0.0001761
0.0004867
0.0004467
0.0003533
0.0002317
0.0010504
0.000355
0.0006943
0.0003559
0.0006561
0.0007144
0.0003531
0.0001201
0.0002155
0.0004258
0.0004263
0.0004775
0.0003378
0.0005262
0.0003358
0.0010644
0.0001867
0.0005546
0.0001645
0.0001123
0.0003594
0.0002163
0.0001924
0.0001521
0.0002755
0.0003741
0.0002401
0.0004196
0.0002258
0.0005607
0.0004162
0.0001468
0.000949
0.0001425
0.0001621
0.0003229
0.0002014
4.79e-05
0.0006475
0.0007678
0.000368
0.000644
0.0001257
0.0001442
0.0003217
0.0004841
0.0006335
9.85e-05
7.79e-05
0.0003695
0.000395
0.0003906
0.0002101
0.0004332
0.0002609
9.79e-05
0.0001857
0.0008435
0.0011097
0.0003128
0.0001762
0.0004731
0.0006191
0.0005357
0.0008415
0.0001587
0.0001871
0.000198
0.0001921
0.0005354
0.0002192
0.000471
0.0004081
0.0007131
0.0003108
6.32e-05
0.0001873
0.0002325
0.0001955
0.0003745
0.0011994
0.0007452
0.0002436
0.0011376
0.0007055
0.0004864
0.0002755
0.0001556
0.0002017
0.0011522
0.0004562
0.0006187
0.0007887
0.0003133
0.0003816
0.0001813
0.0005205
0.0008249
0.0001121
0.0009709
0.0003901
0.000977
0.0008222
0.0005322
0.000197
0.0004929
0.0006198
0.0023307
0.0010285
0.0012339
163.427
