0.0001551
0.0015144
0.0002168
3.73e-05
0.0002981
0.0001275
0.0006673
0.0002318
0.0027758
0.0004088
0.0009716
0.0002415
0.0002819
3.45e-05
9.68e-05
0.00164
7.78e-05
0.0022227
0.0002356
0.0007785
7.12e-05
5.48e-05
0.0006013
1.14e-05
0.0003522
0.0004196
0.0004677
5.06e-05
0.0003297
2.67e-05
0.0005763
0.0008356
2.83e-05
0.0011574
0.0008601
1.44e-05
0.002211
0.0002305
7.51e-05
0.0002349
2.06e-05
3.78e-05
0.0013321
0.0001701
0.0015791
0.0012182
0.0004668
0.0017579
0.0002815
0.0001457
0.0003562
0.0019112
0.0004059
5.23e-05
0.0008403
0.0019418
0.0010314
5.75e-05
0.0022935
0.0003664
0.0006217
2.42e-05
0.0006677
2.36e-05
0.0022147
0.0019631
2.96e-05
0.0003906
2.13e-05
0.0021916
4.85e-05
5.92e-05
0.0021236
0.0002653
5.08e-05
0.0027258
0.0005536
7.35e-05
0.0014727
0.0002072
0.0011202
3.36e-05
2.61e-05
5.77e-05
0.0003046
0.0001326
1.05e-05
0.0001943
0.0001214
0.0002754
0.0001083
0.0002014
0.0001499
8.81e-05
0.0006389
0.0021194
0.0008885
7.51e-05
5.16e-05
5e-05
0.0004573
0.0001037
0.0001003
0.0002066
0.0002398
0.0003849
0.0003977
5.74e-05
0.0001982
7.94e-05
0.0001235
3.93e-05
0.00041
6.48e-05
0.0002851
0.0041232
0.0006855
0.0009103
9.12e-05
0.0001008
3.05e-05
0.0008977
0.0026454
7.2e-05
0.0014413
0.0001629
0.00084
0.0002869
8.4e-06
0.0020047
0.0008851
0.0003285
0.0003253
3.13e-05
0.000926
4.18e-05
4.26e-05
3.33e-05
7.93e-05
6.53e-05
9.19e-05
0.0003901
2.06e-05
4.76e-05
0.0001668
0.0002527
0.000177
0.0003732
0.0002333
5.28e-05
6.49e-05
0.0003317
0.0002438
0.0002051
0.0007023
2.26e-05
0.0019811
6.21e-05
0.001094
0.0020656
2.21e-05
0.0001311
2.15e-05
0.000263
0.000243
0.0001495
0.0013991
2.53e-05
0.0006657
8.04e-05
0.0003173
1.91e-05
2.02e-05
0.0001816
0.0009224
7.15e-05
1.08e-05
0.0002448
0.0002802
0.0007512
5.74e-05
5.11e-05
0.0002458
0.0013786
0.0009168
0.0025321
0.0022439
0.0021116
0.000117
0.0001068
0.0005755
0.0003687
0.0002189
0.0005361
6.57e-05
0.0002834
0.0002216
0.0001262
2.71e-05
3.79e-05
0.00066
2.74e-05
0.0001745
0.0014605
0.0005414
0.0003903
2.84e-05
0.0001763
0.0003457
9.62e-05
0.0026424
4.79e-05
0.0008505
5.21e-05
0.0008853
4e-05
0.0019691
0.0003249
0.0003604
0.00046
0.0002755
0.0008505
0.000392
0.000256
0.0002812
0.0001171
6.61e-05
0.0021942
0.0001227
1.41e-05
0.000339
0.0003436
8.62e-05
1.55e-05
2.5e-05
0.002095
1.13e-05
5.37e-05
0.0001321
0.0002233
0.0003139
0.0027542
0.0005804
0.0002608
0.0006899
0.0003239
0.0001825
7.46e-05
5.15e-05
0.0008013
9.13e-05
2.64e-05
0.0003264
0.0001788
0.0001316
0.0002363
0.0005323
7.01e-05
0.0013219
0.0022461
0.0001882
5.19e-05
0.0002835
0.0003342
0.0001856
9.51e-05
0.0004285
0.0020459
0.0002838
0.0020276
0.0010543
0.0007914
0.0024742
0.0004145
0.0001321
0.0024385
0.0001572
0.0004605
1.51e-05
0.0002595
0.0022497
0.0021311
0.0002336
0.0004122
0.0002284
6.41e-05
7.2e-05
0.001442
3.37e-05
5.51e-05
0.0022072
0.0002942
0.0023736
0.0003157
0.0001786
7.28e-05
3.08e-05
0.0001599
1.3e-05
1.92e-05
1.74e-05
0.002083
0.0002223
0.0001228
0.0005836
0.0005802
0.0002751
0.000207
0.002075
0.0013957
0.0002087
0.0002578
0.0007163
0.0001809
0.0001869
0.000432
0.0002026
0.0001904
0.0023055
0.0008747
0.0003845
2.02e-05
0.0006111
0.0004066
0.0004427
0.0025865
0.0001742
0.0001099
0.0011136
0.0016914
0.0002499
0.0005001
0.0002245
0.0009565
5.33e-05
0.0005965
0.0001288
0.0042225
7.83e-05
6.39e-05
0.0021138
2e-05
0.0004751
0.0012193
0.000323
0.000355
0.0002754
4.94e-05
0.0002808
0.000577
0.0022495
0.0005364
0.0003224
0.0010255
1.39e-05
0.0006808
0.0003131
0.002546
9.71e-05
0.0001959
5.21e-05
0.0002771
0.0004414
0.0001107
0.0006541
1.83e-05
8.52e-05
2.19e-05
0.0018463
0.000229
0.0003821
0.0001243
9.07e-05
5.17e-05
0.0003024
0.0015797
6.05e-05
3.32e-05
0.0002342
0.000269
0.0004287
3.41e-05
0.0002781
0.0001669
0.0004476
0.0002777
0.0003215
0.0002533
0.0010387
1.42e-05
0.0004278
0.0001097
2.57e-05
0.0003587
0.0002004
0.000445
1.74e-05
0.0006544
7.5e-05
0.0002388
0.0001009
0.0001469
8.38e-05
0.0025837
0.0003384
3.38e-05
0.0020328
0.0005404
0.0029201
5.96e-05
0.0017135
0.0024504
0.0005125
3.23e-05
0.0006554
0.0025084
0.0005008
0.0010693
0.0005328
0.000115
0.0017597
0.0014967
0.0005348
0.0005848
8.49e-05
9.7e-06
3.56e-05
0.0006798
6.87e-05
0.0001983
0.0006144
0.0002546
0.00013
0.0001965
0.0005201
0.0009407
2e-05
0.0007121
0.0022344
5.17e-05
0.0008047
7.63e-05
0.0002388
0.0004194
8.43e-05
8.68e-05
0.0003057
0.0024418
0.0022181
0.0021535
0.000156
0.0003809
2.32e-05
0.0034489
0.0021988
2.16e-05
0.0023086
0.0025089
0.0019504
0.000843
3.24e-05
0.0003781
0.0011585
1.27e-05
0.0018808
0.000135
0.0005533
0.0005954
1.07e-05
0.0002511
5.24e-05
0.0002775
0.0008822
0.0001868
0.0019455
4.26e-05
0.0003279
0.0005677
0.0021282
0.0018343
3.02e-05
4.3e-05
0.0001071
0.0001774
0.0022389
3.22e-05
4.91e-05
1.9e-05
0.0002302
1.96e-05
0.0003734
0.0034393
0.0010411
0.0001258
0.0003546
0.0001883
0.002008
0.0002313
0.0010844
0.0004035
0.0001638
7.71e-05
0.0010404
0.0021437
2e-05
0.0021841
0.0001665
0.0009486
0.0004986
2.22e-05
7.6e-05
3.23e-05
0.0002313
0.0003848
0.000964
0.000512
1.13e-05
0.0004133
0.0001579
0.0008674
0.0003149
0.0001645
0.0041188
0.0004054
0.0011241
0.0002514
3.3e-05
0.0006778
1.77e-05
0.0001912
0.0001684
0.0003814
4.43e-05
0.0013956
0.0006337
7.33e-05
8.93e-05
2.48e-05
0.0001887
0.0018179
0.0004835
0.0002854
0.0001839
0.0001017
0.0010885
0.0006914
0.0001248
0.0002114
0.0003243
0.0002661
5.31e-05
0.0003508
0.0009647
0.0013119
0.0001098
0.0003017
0.0003726
0.0021611
0.0008892
9.13e-05
0.0001224
0.0010825
0.0015822
0.000327
0.0003608
0.0004378
0.0002153
0.0005991
0.0014364
0.0004008
0.0009003
0.000335
0.0010584
0.0008116
0.0003717
3.04e-05
0.0012109
0.0003226
0.0005158
8.29e-05
0.000446
8.99e-05
0.0019564
3.4e-05
0.0008018
7.97e-05
5.68e-05
0.0008223
0.0011656
0.0006541
0.0013743
0.0001696
3.17e-05
1.18e-05
0.0020264
0.0001746
0.0009922
0.0023714
8.19e-05
2.26e-05
0.0002117
0.0005885
6.47e-05
1.06e-05
0.0007093
0.0022236
0.0001701
8.26e-05
0.0005694
0.0022454
0.0012308
0.0003507
9.26e-05
3.33e-05
0.0001796
3.52e-05
0.0001177
0.0001443
0.0007355
0.000204
3.09e-05
0.0004387
0.0006384
0.0002766
0.0007271
4.19e-05
0.0024022
0.0002461
0.0003658
0.0001024
0.0023309
4.54e-05
0.001459
0.0008102
0.0005627
1.99e-05
0.0001668
0.0005096
0.0001627
0.0005277
0.0033885
1.55e-05
0.0005722
5.14e-05
0.0002611
0.0006738
0.000266
0.0016366
0.0022083
0.0004652
1.88e-05
4.6e-05
8.39e-05
8.4e-05
3.38e-05
5.15e-05
0.0002531
0.0002073
0.0001173
0.0017646
0.0024845
0.0001406
1.39e-05
5.5e-05
5.67e-05
0.000222
9.4e-06
2.86e-05
3.98e-05
4.5e-05
0.0006759
4.41e-05
6.07e-05
3.83e-05
4.29e-05
0.0005531
0.0015526
2.06e-05
3.31e-05
0.0001095
0.0001148
1.87e-05
0.0009893
1.87e-05
0.0001937
1.04e-05
4.13e-05
0.0002569
2.96e-05
0.000128
0.0002161
0.0023332
1.85e-05
4.36e-05
7.6e-06
0.0006247
0.0001155
0.0003107
0.000271
9.03e-05
0.0003742
9.32e-05
0.0001621
0.0030979
0.0002892
0.0001401
0.001255
0.0002603
0.0003795
0.0005358
1.32e-05
0.0003521
2.65e-05
0.0001362
0.0002539
0.0009448
0.0010686
0.0003531
0.0038968
1.75e-05
0.0023715
0.0006149
0.0006731
0.0009147
0.0005224
7.16e-05
2.73e-05
4.68e-05
5.88e-05
0.0002502
2.66e-05
0.0005119
0.0006694
0.0041757
0.0002567
0.0003913
0.0001685
0.000493
0.0004019
0.0003417
0.0022041
0.0001579
0.0016421
1.56e-05
0.0001171
0.0002659
0.0003641
0.0001787
0.0005177
0.0001276
0.0011723
0.0004309
0.0004971
7.84e-05
0.0007966
0.003054
0.0042705
0.0013998
0.0002944
0.0007266
3.01e-05
0.0010063
0.0004202
0.0002259
0.0004021
2.17e-05
0.0003899
0.0001622
2.75e-05
0.0025786
1.77e-05
7.38e-05
0.0004636
0.0023562
0.0024927
0.0003378
1.17e-05
9.37e-05
0.00021
3.48e-05
0.0002037
0.0010679
8.64e-05
0.0021891
0.0003517
0.0001855
0.0004783
5.89e-05
0.0001818
0.0007297
0.0002807
0.0001896
0.0001954
0.0001716
0.0002285
0.0001327
0.0023514
6.16e-05
0.0002495
5.26e-05
0.0007126
3.77e-05
6.61e-05
0.0003256
0.0006754
1.14e-05
5.25e-05
5.55e-05
0.0003768
0.0001239
0.0001628
0.002243
0.0005826
0.0006808
0.0014629
3.28e-05
0.000686
0.0024328
0.0023964
0.0004783
0.000225
0.0002325
0.0001882
0.0001948
0.002204
0.0001062
0.0001654
0.0007304
0.0001115
0.0005838
0.0003433
0.0002709
0.0001298
0.0002727
0.0011878
0.0008434
5.4e-05
0.0003381
0.0004293
0.0001654
0.0004046
6.89e-05
0.0003982
0.0002333
0.0035212
0.0002044
0.0020616
0.0002368
0.0020226
5.71e-05
0.0004182
3.13e-05
0.0001872
5.62e-05
0.0001194
7.96e-05
0.0007004
0.0004799
6.27e-05
0.0002978
8.71e-05
0.0013887
0.0011281
0.0023845
0.0001962
0.00035
0.0001824
0.0017414
0.0009884
6.44e-05
0.0007027
0.0024694
0.0005111
0.000417
0.0009322
0.0002685
7.82e-05
0.0002062
0.0002255
0.0003788
3.78e-05
0.0002251
0.0005144
0.0007447
0.0002127
5.34e-05
0.0008493
0.0008883
0.0009561
0.0002735
3.03e-05
0.0002659
0.0007796
0.0005075
0.0006019
0.0006767
0.0005042
2.07e-05
0.0001786
0.0005027
0.0001709
0.0004394
0.0004938
0.0007707
6.61e-05
0.0018327
3.08e-05
0.000714
3.16e-05
2.94e-05
1.69e-05
1.76e-05
0.0001537
0.0001963
0.0003299
0.0002636
0.0002603
5.65e-05
0.0002585
9.13e-05
2.14e-05
4.89e-05
0.0021605
6.88e-05
4.43e-05
1.89e-05
2.89e-05
9.8e-06
0.0013858
0.0010079
0.0003703
0.0001916
0.000169
0.0002928
0.0002429
0.000314
0.0009121
1.47e-05
8.5e-06
0.000916
0.0009233
0.0005576
1.42e-05
0.0005674
0.0001274
4.14e-05
0.0001825
0.0007046
0.0022545
0.0002062
3.77e-05
0.0009149
0.0005723
0.0004193
0.0021386
0.0002317
6.37e-05
3.01e-05
6.32e-05
0.0001647
0.0004279
0.0004841
0.0003926
0.0013242
0.0004828
2.97e-05
1.83e-05
7.35e-05
6.03e-05
2.36e-05
0.0004193
5.33e-05
0.0002974
0.0026279
0.0021389
7.66e-05
4.82e-05
0.0001889
0.0001982
0.0013695
0.000558
3e-05
6.85e-05
0.0002543
5.12e-05
2.11e-05
1.76e-05
0.0020069
6.67e-05
0.0010787
0.0004105
0.0021318
3.97e-05
0.0014961
2.86e-05
0.0005166
0.0008959
0.0044367
9.64e-05
0.0018717
157.896
