0.0001148
0.001968
0.0001897
2.96e-05
0.0002716
7.67e-05
0.0007322
1.55e-05
0.0024325
0.0001987
0.0007267
0.0001998
0.00045
4.68e-05
7.93e-05
0.0022474
6.23e-05
0.0022418
0.0002693
0.0005728
6.64e-05
5.21e-05
0.0005923
7.1e-06
0.0003432
0.0004459
0.0004421
3.91e-05
0.0002754
2.03e-05
0.0006615
0.0008267
2.47e-05
0.0011485
0.0006062
4.8e-06
0.0021139
0.0002783
5.01e-05
0.0001401
1.53e-05
3.09e-05
0.0015353
0.0001581
0.0013393
0.0014648
0.0005471
0.0019286
0.000234
6.71e-05
0.0002234
0.0019833
0.0002416
3.23e-05
0.000909
0.0007038
0.0009872
4.56e-05
0.0024996
0.0003964
0.0005975
1.36e-05
0.0003655
1.06e-05
0.0026708
0.0016515
1.49e-05
0.000346
1.3e-05
0.0020135
3.38e-05
4.46e-05
0.001754
0.0003468
4.3e-05
0.001496
0.0003853
7.69e-05
0.0014435
0.0001911
0.001466
1.71e-05
2.26e-05
4.47e-05
0.0002589
0.0001524
5.1e-06
0.0001814
6.28e-05
0.0003994
9.27e-05
0.0001976
0.00027
6.81e-05
0.0005242
0.0021254
0.0008914
7.97e-05
5.67e-05
4.33e-05
0.0002381
9.8e-05
0.0001049
0.0002587
0.000246
0.0004279
0.0002698
5.31e-05
0.0001338
6.09e-05
8.51e-05
4.3e-05
0.0005319
6.89e-05
0.0001868
0.0048288
0.0006847
0.0009683
0.0001046
0.0001086
2.74e-05
0.0008847
0.002165
5.08e-05
0.0013739
0.0001376
0.0008594
0.0001947
7.1e-06
0.0022838
0.0009353
0.0001563
0.0004476
3.27e-05
0.000836
5.65e-05
4.05e-05
2.98e-05
7.88e-05
8.72e-05
7.03e-05
0.000365
1.25e-05
4.64e-05
0.0001319
0.0001559
0.0001744
0.0004134
0.0001133
7.37e-05
4.89e-05
0.0002528
0.000209
0.0001383
0.000373
1.33e-05
0.0021271
3.06e-05
0.0009599
0.0015367
1.41e-05
9.07e-05
1.26e-05
0.0001871
0.0002243
0.0001325
0.0011641
1.33e-05
0.0007867
7.39e-05
0.0002028
1.36e-05
1.5e-05
0.0003268
0.0009452
6.72e-05
6.1e-06
0.0001984
0.0001752
0.0009292
5.82e-05
5.95e-05
0.0002429
0.0016643
0.0006484
0.0023583
0.0024168
0.0020165
0.0002154
0.0001048
0.0005122
0.0004037
0.0002087
0.0005738
5.11e-05
0.0002936
0.0002641
0.0001494
2.2e-05
2.2e-05
0.000734
2.36e-05
0.0001707
0.0014626
0.0005185
0.0003312
2.1e-05
0.0002
0.0003481
5.32e-05
0.0029757
5.64e-05
0.0010223
5.66e-05
0.0006432
1.29e-05
0.0020883
0.0003384
0.0003533
0.0005467
0.0002955
0.0007737
0.0004109
0.0002864
0.0002084
0.0001029
7.68e-05
0.0024378
0.0001848
7.1e-06
0.0002612
0.0004026
8.77e-05
7.3e-06
2.19e-05
0.0022007
7.3e-06
5.41e-05
0.0001597
0.0002094
0.0003781
0.0034094
0.0011136
0.0002608
0.0007735
0.0001611
0.0002081
9.19e-05
4.9e-05
0.0008284
9.02e-05
6.9e-06
0.0003799
0.0001756
0.0001476
0.0002988
0.0004301
3.4e-05
0.0013891
0.0023773
0.0002385
4.56e-05
0.0002254
0.0003944
0.0001157
0.0001286
0.0004374
0.0030368
0.0007568
0.0047895
0.0024241
0.0012184
0.0031755
0.0004416
0.0003426
0.0025729
0.0001163
0.0005422
8.1e-06
0.0004089
0.0032517
0.005161
0.0004973
0.000791
0.0004271
4.74e-05
7.82e-05
0.0037482
2.13e-05
5.94e-05
0.0024934
0.0006048
0.0024812
0.0003669
6.26e-05
7.31e-05
5.84e-05
0.0002969
7.8e-06
2.83e-05
2.54e-05
0.0052634
0.0008873
0.00029
0.0006758
0.0013336
0.0010464
0.0004705
0.0077841
0.0020158
0.0002415
0.000278
0.0007732
0.0002047
0.0002152
0.0010511
0.0005214
0.0004698
0.00305
0.0009793
0.0004325
1.33e-05
0.0007748
0.0004682
0.000535
0.0036828
0.0002864
0.0002637
0.0010458
0.0033515
0.0003088
0.0004857
0.0003486
0.0012312
5.32e-05
0.0010051
0.0001427
0.006364
0.000114
0.0001798
0.004666
2.74e-05
0.0013741
0.0013362
0.0003699
0.0006015
0.0005441
4.39e-05
0.0004539
0.0008763
0.0036649
0.0008192
0.0004205
0.0024341
1.55e-05
0.000743
0.0004465
0.0024811
9.33e-05
0.0004178
0.0001016
0.0008763
0.0007094
0.000153
0.0006951
1.46e-05
0.0001146
1.69e-05
0.0018109
0.0001922
0.0001151
0.0001204
0.0002071
8.3e-05
0.0001573
0.0018375
4.48e-05
3.32e-05
0.0005794
0.0004869
0.0003721
2.29e-05
0.0002721
0.0001946
0.0007072
0.0002674
0.0003906
0.0005038
0.0014978
7.6e-06
0.0004847
0.0001249
2.43e-05
0.0002859
0.0001834
0.0044246
2.81e-05
0.0011185
6.69e-05
0.0001174
0.0001034
0.0001514
9.14e-05
0.0024598
0.0004058
2.24e-05
0.0023824
0.0011455
0.0068551
7.32e-05
0.002171
0.0029154
0.0005595
3.35e-05
0.0007252
0.0049824
0.0005518
0.0009857
0.0005163
2.97e-05
0.004279
0.0016442
0.0012649
0.0003943
0.0001486
1.36e-05
4.87e-05
0.0008553
9.26e-05
0.0003671
0.0004112
0.000587
0.0002137
0.0002163
0.0004107
0.0015544
1.98e-05
0.0013354
0.0026764
4.06e-05
0.0011255
0.0001008
0.0006668
0.0007335
8.53e-05
9.65e-05
0.0004522
0.0024875
0.0045932
0.0029422
0.000329
0.0010147
3.19e-05
0.0036382
0.0024809
1.55e-05
0.002632
0.0028081
0.0032914
0.0012405
2.45e-05
0.0004672
0.0026641
1.2e-05
0.0016272
0.0001455
0.0014283
0.0007011
7.1e-06
0.0005101
7.88e-05
0.0005123
0.0008705
0.0002803
0.0040174
4.18e-05
0.0007638
0.0008362
0.0051566
0.0035607
3.79e-05
5.51e-05
0.0001439
0.0003296
0.0025222
2.23e-05
5.2e-05
3.37e-05
0.0005418
1.98e-05
0.0003729
0.0072825
0.0013621
0.0002096
0.0005842
0.0003136
0.0025743
0.00032
0.0029353
0.0002859
0.0002562
0.0001482
0.0011863
0.0028836
1.33e-05
0.0024821
0.0003439
0.0010204
0.0011592
3.09e-05
0.0002069
8.71e-05
0.0002619
0.0005491
0.0010527
0.0005307
7.9e-06
0.000485
0.0003196
0.0014537
0.0002882
0.0002936
0.0048848
0.0004759
0.0011922
0.0004705
4.43e-05
0.0008142
1.44e-05
0.0002015
0.0001827
0.0004533
4.61e-05
0.0017191
0.0014672
0.0001123
0.0001092
4.17e-05
0.0002336
0.0019824
0.0016012
0.0005076
0.000279
0.0001903
0.0012629
0.0008336
0.0001093
0.0002994
0.0003903
0.0003539
5.08e-05
0.0003974
0.0026504
0.0024645
0.0001459
0.0003633
0.0004635
0.002496
0.0012878
0.0001338
0.000119
0.0012137
0.0043408
0.000385
0.0003878
0.0007789
0.0002976
0.0006908
0.0017392
0.0005802
0.0009134
0.0004251
0.0012456
0.0009367
0.0004233
2.26e-05
0.0018635
0.0003693
0.0005313
8.65e-05
0.0005428
8.82e-05
0.003654
1.25e-05
0.001098
8.96e-05
5.56e-05
0.0009319
0.0015908
0.0028744
0.0019483
0.0003019
4.56e-05
7.4e-06
0.0055217
0.0004044
0.0015187
0.0045422
0.0001234
2.44e-05
0.0001923
0.0011128
2.33e-05
8.4e-06
0.0012127
0.0040369
0.0003435
0.0001545
0.0009166
0.0026865
0.0019119
0.0006784
9.15e-05
2.42e-05
0.0002009
3.3e-05
0.0001519
0.0003576
0.0017446
0.0004026
0.0001066
0.0003852
0.0008697
0.000381
0.0017785
5.24e-05
0.003419
0.0026138
0.0004058
0.0001967
0.0025671
4.32e-05
0.0017762
0.0016353
0.0006648
2.83e-05
0.0004737
0.0006429
0.0001434
0.0005856
0.0043313
1.34e-05
0.0004555
7.11e-05
0.0004063
0.0018227
0.0002853
0.0028101
0.0047259
0.0004224
1.46e-05
6.96e-05
9.04e-05
0.0001257
9.73e-05
0.0001016
0.0003856
0.0002486
0.0001317
0.0019906
0.0024715
0.0001017
1.45e-05
6.7e-05
1.59e-05
0.0001516
1.31e-05
3.97e-05
4.44e-05
4.38e-05
0.0007776
4.88e-05
5.02e-05
4.66e-05
3.49e-05
0.0005777
0.0018197
1.52e-05
4.47e-05
8.76e-05
0.0001364
2.8e-05
0.0011985
1.66e-05
0.0002014
8e-06
4.32e-05
0.0002915
2.17e-05
0.0002351
0.0002047
0.0051
2.52e-05
6.81e-05
9.4e-06
0.0007091
9.09e-05
0.000638
0.0003267
7.81e-05
0.0004256
0.0001927
0.0002842
0.0104667
0.0004812
0.0003583
0.0014242
0.0003805
0.0007363
0.0011817
1.49e-05
0.0004489
1.56e-05
0.0001419
0.0001854
0.0018396
0.0014804
0.0004218
0.0057925
1.41e-05
0.0029292
0.0005869
0.0001541
0.0013504
0.0001465
7.82e-05
1.57e-05
4.7e-05
6.04e-05
0.0002663
1.54e-05
0.0011053
0.0014355
0.0051206
0.0002657
0.0003914
0.0001922
0.0005575
0.0005557
0.0006712
0.0022739
0.0001685
0.0017343
8.7e-06
0.0003617
0.0002724
0.0003993
0.000247
0.0004482
0.0001316
0.0022628
0.0006003
0.0005325
8.08e-05
0.0008869
0.0030217
0.0048473
0.0033072
0.0004666
0.0008513
1.54e-05
0.0010229
0.0005946
0.0002753
0.0004387
1.69e-05
0.0004021
0.0001721
2.24e-05
0.0024789
1.47e-05
7.13e-05
0.0003916
0.0026022
0.0045612
0.0003836
7.7e-06
0.000101
5.12e-05
4.02e-05
0.0002845
0.0016426
9.1e-05
0.0033833
0.0003806
0.0001766
0.0005231
6.76e-05
0.0003243
0.0007253
0.0003958
0.0002046
0.0002431
0.000208
0.0002268
0.0001129
0.0024774
6.43e-05
0.0002934
7.21e-05
0.0019569
5.17e-05
0.0001341
0.0003161
0.0007252
6.7e-06
5.1e-05
8.89e-05
0.0005368
0.0002141
0.0001957
0.0045259
0.0005944
0.0007789
0.0021341
2.66e-05
0.0012202
0.0036029
0.0027819
0.0005242
0.0002743
0.0003364
0.0002122
0.0002557
0.002631
0.0001174
0.0001531
0.0008151
0.0002029
0.0006235
0.0003023
0.000199
0.0001845
0.0003871
0.0014543
0.000929
5.99e-05
0.0004345
0.0004204
0.000327
0.0004423
0.0002461
0.0005223
0.0002975
0.0061589
0.0002717
0.0022532
0.0002922
0.0040383
0.0001089
0.0004046
2.47e-05
0.0002035
5.33e-05
0.0001922
0.0001044
0.0009065
0.0006377
6.66e-05
0.0003029
9.49e-05
0.0042086
0.0020822
0.0026425
0.0001986
0.0004066
0.0001935
0.0017814
0.001099
0.0001005
0.0010125
0.0025522
0.000772
0.0007499
0.0016398
0.0002577
7.97e-05
0.0001953
0.0003784
0.0008895
4.21e-05
0.0002705
0.0006275
0.0008452
0.0002087
5.14e-05
0.0009239
0.0017134
0.002454
0.0002807
2.39e-05
0.0002756
0.001373
0.00086
0.0006375
0.0013221
0.0009578
2.63e-05
0.0002053
0.0005496
0.0002175
0.0007091
0.0006034
0.0009753
7.8e-05
0.0019905
2.59e-05
0.0007858
4.03e-05
5.55e-05
1.42e-05
1.47e-05
0.0002146
0.0003777
0.0001536
0.0002685
0.0002823
4.87e-05
0.0002876
0.0001097
1.45e-05
4.43e-05
0.002656
0.0001053
6.79e-05
3.35e-05
5.35e-05
1.51e-05
0.0028171
0.0016503
0.0004122
0.0002298
0.0001939
0.0002881
0.0002769
0.0004235
0.0026654
7.9e-06
7.8e-06
0.0010344
0.0014072
0.0006244
7.9e-06
0.0005478
0.0001324
4.11e-05
0.0001865
0.0007496
0.0025017
0.0003807
3.96e-05
0.0010752
0.0009551
0.0004842
0.0025658
0.0002616
7.9e-05
2.65e-05
6.49e-05
0.0001559
0.0004929
0.000814
0.000453
0.0015535
0.0005211
3.98e-05
2.85e-05
0.0001327
9.53e-05
2.59e-05
0.0004569
6.54e-05
0.000289
0.0024881
0.0024501
8.44e-05
4.68e-05
0.0002209
0.0003772
0.005027
0.0007485
2.18e-05
0.0001278
0.0025631
4.87e-05
2.75e-05
1.42e-05
0.0024412
0.0001151
0.0008426
0.0005833
0.0026244
4.34e-05
0.0005226
2.77e-05
0.0006156
0.001363
0.005871
9.13e-05
0.0020015
