0.021731
1.16377
2.31525
2.5201
1.24798
0.0706215
0.0955759
2.46264
0.195244
2.28218
2.41971
2.54103
2.44591
2.45046
2.45102
1.04032
4.31117
0.140385
4.67328
0.163574
4.71269
5.24599
5.76802
6.36469
6.90275
0.0537761
7.02636
6.22773
6.70078
0.0507233
7.78556
8.31306
7.44103
0.16479
3.57166
5.9676
0.0023141
5.8019
6.42309
3.91654
6.00066
7.29224
0.703736
5.97478
6.28883
0.872686
6.40282
6.4552
5.57127
6.25618
6.33958
0.0005645
6.01689
2.38533
0.121876
6.33013
6.13233
0.430221
0.0086555
0.0790486
1.65269
6.39447
5.71088
6.04656
5.61646
0.628957
1.9558
0.973425
6.0625
0.428794
5.35408
4.96708
2.50847
6.76049
1.19199
0.0019754
1.57268
6.06635
1.00251
0.0054585
0.226554
5.88254
6.28188
6.28448
6.21766
4.77792
1.60526
5.64583
6.22279
0.512008
6.20569
4.87549
0.716068
6.46451
0.0523734
6.44863
2.66886
5.77391
6.13761
5.80396
1.70303
0.287299
1.40723
0.558975
6.09953
5.98505
5.57185
6.02958
5.95362
5.85149
6.13753
0.910082
5.61933
0.0547613
6.25546
0.338789
0.0901587
6.07142
1.04173
7.20401
2.04297
3.56013
0.0724862
0.312211
2.70095
6.46801
5.99705
5.47427
6.24411
0.322128
0.0436206
6.2271
0.356346
7.26107
0.507362
6.10145
0.012613
5.96297
2.26109
4.11719
6.54377
6.43966
6.28939
3.38008
0.067749
5.8353
1.85187
6.02774
7.0615
0.0659461
3.67554
1.81443
0.426108
6.04669
5.65524
0.0182669
1.6659
5.92078
5.73789
0.145892
6.08508
0.538766
1.89735
2.9991
6.40678
3.0745
1.95257
6.51863
0.300126
6.18523
6.57711
6.34159
6.81998
6.1001
6.69783
6.66376
2.1004
8.29636
3.46312
4.86412
0.54681
6.81714
2.98533
2.73595
0.0120947
0.163989
0.0369518
0.107507
2.51777
6.16548
1.69188
3.09183
0.0505768
5.34073
5.80734
5.47609
0.0023602
3.97645
5.771
0.526671
2.35831
5.7607
0.0286467
0.47633
0.918576
0.0507642
4.82827
6.36621
5.75676
5.96622
1.45355
5.14046
1.83324
1.86635
0.543884
5.8634
0.0002205
6.12869
6.03983
6.31327
1.79173
5.82427
6.19474
5.70781
6.23418
2.78264
5.96148
3.08265
2.82477
5.87041
4.82814
6.23141
6.35869
6.21684
0.285582
1.77e-05
6.17114
5.72182
5.93326
3.39716
5.54095
0.231538
4.61325
6.13438
0.247443
6.21341
0.198669
6.47942
6.60698
0.383256
6.8979
6.52961
3.37088
6.45646
6.46346
5.45155
6.32145
6.29572
4.61954
0.0250408
6.36778
6.75632
0.945513
6.19607
6.20675
6.39668
6.52914
0.0006599
4.13008
0.476134
0.468336
3.19147
0.158757
6.40315
2.6823
0.0798336
0.0197593
6.79733
0.0211735
0.854315
0.0033272
0.769304
0.729752
0.0001675
6.17835
0.496769
6.56807
1.70627
6.66562
3.36514
0.867352
7.02048
0.343369
6.69211
4.61233
5.42245
6.50082
0.0047597
6.45431
4.56799
7.07562
0.0014387
7.34172
7.2958
7.0418
5.56944
5.49088
1.76573
0.0003866
5.91511
6.77914
4.89527
1.03745
7.06527
1.48957
6.18033
6.80937
4.43901
0.297613
0.0905219
6.99504
6.34403
2.3932
6.20735
6.54176
0.0040922
6.71042
6.20851
1.57339
0.52713
6.19782
5.86244
5.68558
2.89432
6.26748
6.08688
0.134701
0.696277
5.81671
1.4307
1.33301
5.67893
3.63431
1.80979
2.81102
0.051943
5.21675
5.8469
2.96438
0.0011153
0.352675
5.95748
3.58597
6.11368
4.43869
6.1936
6.02488
1.35167
6.15545
6.8198
6.12245
6.14629
0.0206386
1.80536
1.44365
6.53714
6.51362
6.70932
0.167522
1.5676
0.0037456
5.2025
6.43987
0.457425
6.63393
0.54305
6.54479
0.314837
6.77299
6.51602
6.9955
6.60712
6.9325
4.72228
0.194658
1.76199
6.67244
3.43236
1.30726
6.93821
1.29297
1.74418
4.54792
6.26661
0.805998
6.8567
6.72198
2.23218
6.24213
6.94839
0.0020568
6.56347
0.154836
0.721085
6.09931
6.75238
2.62703
6.61936
9.13e-05
6.81273
5.17195
0.000729
7.18659
6.48743
6.00738
0.0188894
6.78166
0.900088
6.99443
6.99626
3.54531
6.44787
6.90718
1.53675
7.49187
6.64871
5.33814
2.268
7.75767
5.40647
2.60097
0.0610319
6.22278
0.153719
0.526405
5.95107
0.520223
0.864324
0.489815
5.84865
1.69762
6.51448
6.17963
6.33362
6.19011
1.27141
5.83837
1.14068
0.721986
0.146035
6.16936
6.42841
4.30574
4.08e-05
0.0495022
6.2599
0.0071129
0.113901
0.0048605
1.8175
2.97913
0.048877
0.0014209
5.81563
2.20383
5.68611
5.70099
0.409251
6.086
1.85215
5.68877
6.11968
0.0664801
5.84289
0.138279
5.60805
5.8417
3.52691
3.49e-05
3.96e-05
5.51714
5.58426
0.248073
5.92114
1.36916
0.0127437
5.96428
5.98542
1.30961
5.82779
0.0034745
0.0082598
5.49582
3.12778
4.99361
0.0205143
0.0028853
5.74218
1.90481
5.90609
5.97259
2.93189
0.0360373
0.123752
5.59967
0.100444
5.39227
5.99921
5.5694
6.05908
6.13051
5.99051
4.19871
1.36371
1.56816
1.48036
6.50038
4.70959
4.9851
1.05007
5.6435
2.0549
0.003382
6.25379
6.2266
0.543531
6.64564
2.36381
6.6902
6.12549
6.66278
2.71904
6.5426
6.48456
1.42803
5.73298
6.2239
2.08411
6.69387
2.53595
0.0179939
6.17755
6.54939
0.0452169
2.49971
0.0094379
6.32462
0.532171
0.457756
0.595911
6.73943
0.362522
1.5661
0.000281
1.47262
6.50798
6.81004
0.203796
2.66067
6.54733
6.70647
0.020988
0.677972
6.69837
1.08203
6.40605
6.97655
6.28405
5.98581
6.42807
0.0395078
5.69157
2.85289
5.48008
0.604942
6.16716
3.62202
1.15035
5.631
6.20073
5.91125
6.14774
0.391027
5.91611
1.15709
6.06903
3.84915
6.01747
6.03906
6.04689
0.588138
0.247931
5.81116
5.99691
0.258539
5.76421
0.448379
0.199938
6.46238
5.73767
0.69454
0.301347
5.92415
0.519172
0.132951
0.0806716
5.74959
3.07948
1.01466
0.976819
2.48538
2.36893
2.58861
1.58435
2.41817
2.4554
2.6426
0.0011567
2.48073
2.31439
2.44963
1.62339
0.710124
0.0201522
0.0490076
2.30522
0.17551
2.28463
0.16288
2.5355
0.0349735
2.41796
1.54794
2.41832
1.95913
2.42862
1.81754
2.46253
0.0243919
0.313905
0.0724062
2.44663
0.0107087
2.52118
0.394546
2.4639
0.761038
7.5e-06
1.55278
0.0411316
2.44249
1.62483
2.2996
2.59005
2.48472
2.49072
0.732482
0.838765
2.48017
1.20603
0.0136791
2.53084
2.46292
2.31244
1.66892
2.50492
2.43259
2.41741
2.35339
2.40794
2.26448
0.104023
0.0653493
2.08614
2.3005
0.0443545
1.93874
2.51052
2.44245
2.54064
0.891233
2.41247
0.874201
2.46678
2.6505
1.36417
2.41532
1.02316
1.47836
2.49856
0.867159
0.479911
1.00468
2.52707
0.0351565
0.293339
2.4855
2.34868
0.0014965
0.0532295
0.805808
0.936512
0.717834
0.0063616
2.09447
2.43251
2.38045
0.00146
2.49054
1.3455
2.53378
2.47162
2.53804
0.317368
2.37741
0.0008063
2.46907
2.26255
0.107499
2.79533
0.109488
0.0003776
0.225651
0.101721
2.38588
2.69054
3.63242
2.36
2.68032
2.32928
0.0567488
2.43186
0.232582
0.0198922
2.38236
1.08525
2.30021
2.48508
2.34321
2.44612
4.11e-05
2.45847
0.0007215
2.45391
0.138966
2.10199
1.05921
0.635917
2.53584
1.12091
2.43234
2.47308
1.03661
0.0021081
0.75043
0.0355816
0.0001095
0.181166
2.40883
0.217125
2.40901
0.0440618
0.0655898
0.984959
2.41126
2.44766
0.0947724
0.991546
2.43867
0.162697
2.45977
2.51733
2.46654
0.0067254
1.13345
2.29995
2.44209
2.46055
2.42541
2.44126
2.49732
2.40854
2.3909
0.032508
0.329505
2.47265
2.44397
2.18494
2.4177
1.19356
1.28853
2.1412
2.44926
2.29715
1.93765
2.14643
0.211588
2.39744
2.38852
1.03429
0.107347
2.06742
2.41261
1.64176
2.36705
1.96788
0.975603
0.0022694
2.47637
2.42793
0.0027354
0.2193
1.29185
0.718986
0.0549806
1.35119
2.41337
0.0528828
1.78828
2.44923
2.43973
2.31666
2.41259
0.131051
0.0002049
0.0616198
2.45412
0.426563
3.56389
0.671494
2.40222
2.4264
0.0014124
2.42062
2.50138
2.27565
2.42584
0.386484
1.22968
2.60019
2.43984
2.2905
0.297328
2.41363
0.381412
2.28341
1.29048
2.35397
0.0038521
2.41098
2.49303
2.448
2.36387
2.41969
0.13534
2.46207
2.2304
0.311985
2.37683
2.22181
2.37594
6.1e-06
2.28308
0.0065363
2.41954
0.515917
2.46603
0.0391415
2.42638
2.73033
2.46009
0.0059047
2.40602
0.0217908
1.44228
2.42161
2.4335
0.615155
2.29956
1.78155
2.2927
2.07859
0.108589
2.42929
0.0278791
2.40223
0.178652
1.63079
0.684593
0.0225682
1.26317
0.0001594
1.87896
2.43605
0.632299
0.918249
2.37757
2.39475
2.36563
2.55221
2.45713
2.41588
2.50468
1.34017
2.47609
1.98449
0.761526
0.0395044
2.20871
2.42985
2.40355
2.43375
2.4025
2.39166
2.42196
2.43693
2.44401
2.42359
2.34387
0.41235
3.55524
2.3951
0.0830362
2.03189
2.39736
2.39335
2.22501
0.201414
2.3257
1.13958
0.236305
1.52187
2.11619
0.741672
0.135043
2.43317
0.0197874
2.40761
2.37709
0.000415
2.36952
2.41194
0.0553513
2.09284
2.23555
1.60605
0.0032329
2.42933
0.0012898
2.42846
2.54665
0.0010067
2.38853
0.585811
0.0988506
2.35826
2.4371
2.29573
2.45439
2.42334
2.39704
2.37711
2.48093
0.193677
0.2733
2.41872
2.48727
0.0022856
2.34666
2.41368
2.34435
2.50796
2.12612
0.131207
0.0978689
0.0307224
1.05449
0.404795
2.40808
0.493698
0.0998406
2.46874
2.45355
2.42088
0.570385
2.27665
0.0037936
0.0009888
1.36536
2.71222
2.4614
0.975182
2.18315
0.101871
2.40474
2.4726
0.025975
0.0130155
2.52601
1.84492
