0.0008352
0.0042169
0.0038232
0.005722
0.0020352
0.0009511
0.0008631
0.0009809
0.0011923
0.0048365
0.0042581
0.0067817
0.0042885
0.0037513
0.0057933
0.0023469
0.0042817
0.0008852
0.0041402
0.0009305
0.0080316
0.0042957
0.0042445
0.0016084
0.0044952
0.0007964
0.0039059
0.0036349
0.0039352
0.0008795
0.0039997
0.0091515
0.004656
0.0009147
0.0027419
0.0019104
8.47e-05
0.0040119
0.0035677
0.00328
0.0013555
0.0064274
0.0017748
0.0048099
0.0039629
0.0013295
0.0054343
0.0044003
0.0037943
0.0059315
0.0047196
0.0003027
0.0040523
0.0022783
0.0011507
0.0063415
0.0045318
0.0016194
0.0001997
0.0012404
0.001669
0.0053128
0.0056477
0.0016366
0.0061976
0.0011604
0.000874
0.0022115
0.0056133
0.0010725
0.0042368
0.0051778
0.0028876
0.0040979
0.0012864
0.0001356
0.0022417
0.0078806
0.0012161
0.0007968
0.0009135
0.0050429
0.0036153
0.0057516
0.0061957
0.0082355
0.0008869
0.0042071
0.0052008
0.0007523
0.0057155
0.0008268
0.0011118
0.0059781
0.0012925
0.0066223
0.0022127
0.0081557
0.0065437
0.0076502
0.0017151
0.0008561
0.0022965
0.0016284
0.0040414
0.0026355
0.0046667
0.003792
0.0038288
0.0058849
0.008047
0.00108
0.0053166
0.0007823
0.0038178
0.0012881
0.0009239
0.0044358
0.0022746
0.0094486
0.0007329
0.0024757
0.0003103
0.0010409
0.0028636
0.0081949
0.0049667
0.0032716
0.0035825
0.0008995
0.000825
0.0046151
0.0015353
0.006499
0.0010417
0.0049521
0.0009747
0.0053802
0.0031593
0.0028021
0.0058672
0.0058295
0.0063687
0.004209
0.0011425
0.0041586
0.0021261
0.0042356
0.0077984
0.0008233
0.004206
0.0023057
0.0016552
0.0042497
0.0072749
0.0008277
0.0026133
0.0053391
0.0045763
0.0007261
0.0059615
0.0013781
0.0008397
0.0026319
0.0037289
0.0030641
0.0020717
0.005656
0.0014586
0.0077432
0.0040359
0.0058122
0.0056052
0.0040837
0.0040497
0.0068338
0.0007702
0.0038864
0.0022421
0.0044172
0.0016017
0.0057451
0.0020177
0.0027923
0.0007666
0.0008238
0.0002399
0.0004797
0.0041301
0.0055483
0.0015135
0.0021394
0.0008513
0.0044455
0.003706
0.0041849
0.0009481
0.004891
0.0040674
0.0007518
0.0018951
0.0044307
0.0009149
0.0008516
0.0012584
0.000751
0.0029069
0.0035787
0.0038015
0.0058776
0.0028658
0.0051341
0.0015356
0.0014996
0.0013992
0.0053824
3.62e-05
0.0084731
0.0039732
0.0066941
0.0009704
0.0050051
0.0066234
0.0043016
0.0039131
0.0030769
0.0079595
0.0032743
0.0023187
0.0038243
0.003088
0.0045846
0.0064077
0.0035783
0.0009254
6.6e-06
0.0036362
0.0051253
0.0062632
0.001078
0.0048311
0.0009892
0.0035994
0.0037726
0.001441
0.0035435
0.0008569
0.0061642
0.0061386
0.0010011
0.0061672
0.0037497
0.003368
0.0061673
0.0058934
0.0036012
0.0047553
0.0039718
0.0016241
0.0003304
0.0035288
0.0034558
0.0010866
0.0043608
0.0046839
0.0055663
0.0040893
7.21e-05
0.0038722
0.0011559
0.0009198
0.0030746
0.0006677
0.0033059
0.0048922
0.0004603
0.0008179
0.0061235
0.0007962
0.0008328
9.49e-05
0.0012768
0.0007854
0.0007999
0.0037189
0.0009643
0.0054678
0.0018119
0.0081579
0.0022218
0.0012538
0.0055971
0.0007418
0.0059606
0.002493
0.0056925
0.0036048
0.0008642
0.0036813
0.0008253
0.0053229
3.42e-05
0.004531
0.005179
0.0057633
0.0024952
0.0044518
0.0027713
3.02e-05
0.0050551
0.0045284
0.0029649
0.0012961
0.0037764
0.0013526
0.0063806
0.0096742
0.0043314
0.0011945
0.0009851
0.0059163
0.0056652
0.0022892
0.0059379
0.0067967
0.0013027
0.0045707
0.0061777
0.0014997
0.0012454
0.0075454
0.0044203
0.0036126
0.0042183
0.0045168
0.0057619
0.00078
0.0020711
0.004837
0.0018379
0.0015895
0.0010447
0.0010722
0.0019283
0.001683
0.0009038
0.0056118
0.0037474
0.0030274
0.0009804
0.0009506
0.0042867
0.0010096
0.0065622
0.0090923
0.003755
0.0033267
0.00217
0.0068507
0.003644
0.0044881
0.005357
0.0009188
0.003492
0.0014215
0.0056807
0.0070643
0.0021333
0.0009603
0.0015239
0.0008717
0.0054142
0.0055038
0.0008619
0.006365
0.0010657
0.0057737
0.0008138
0.0041485
0.0047992
0.0053759
0.0073152
0.0036876
0.0027912
0.0010391
0.0015245
0.0054307
0.0023302
0.0021394
0.0034936
0.0014229
0.0023777
0.0028633
0.0057212
0.0024868
0.0068594
0.0054838
0.0017599
0.0053875
0.0065481
0.0007946
0.007658
0.0008331
0.0011607
0.0043797
0.0092466
0.0021778
0.0056327
0.0004589
0.0079699
0.0038758
5.19e-05
0.0057715
0.0045487
0.0048853
0.0005266
0.0054439
0.0011944
0.0068814
0.0052704
0.0022972
0.0038847
0.003624
0.0028474
0.0077026
0.0036176
0.0057652
0.003102
0.0055409
0.0090713
0.0024944
0.0013052
0.0061549
0.0017766
0.0007596
0.006667
0.000968
0.000953
0.0010425
0.0048154
0.002243
0.0056977
0.0043522
0.0039715
0.0037544
0.0007966
0.0067113
0.0018307
0.0012031
0.0006083
0.0067903
0.0063612
0.0008573
9.7e-06
0.0005601
0.0013989
0.0007545
0.0006398
0.0002938
0.0019406
0.0023017
0.001393
0.000902
0.0037092
0.0021175
0.0082825
0.0043092
0.0009304
0.0038834
0.0017552
0.0041146
0.003862
0.0008316
0.0039533
0.0008905
0.0042136
0.0038271
0.0055551
9.1e-06
3.23e-05
0.0047832
0.0039775
0.0011056
0.0091006
0.0061117
0.0008568
0.0067471
0.0063239
0.0016234
0.0054102
0.000883
0.001483
0.0051844
0.0035985
0.0053149
0.0011481
0.0001137
0.0042523
0.0020793
0.0042468
0.0041087
0.0029777
0.0008157
0.000647
0.0055941
0.0006455
0.0069512
0.0042073
0.0038704
0.0016872
0.0061109
0.0045756
0.0025838
0.0008478
0.0014648
0.0012637
0.0036104
0.0039079
0.0048055
0.0016644
0.0042525
0.0018907
0.0007521
0.0043542
0.0069654
0.0009647
0.0095102
0.001803
0.0053844
0.0058211
0.0069142
0.0020956
0.0040092
0.0063942
0.0017637
0.0035363
0.0041378
0.0020651
0.0036636
0.0021611
0.0010292
0.003812
0.0039442
0.0008749
0.0019976
0.0008306
0.0052365
0.0010132
0.000793
0.0008527
0.0046179
0.0011513
0.0019538
0.0003057
0.0018748
0.0038993
0.0040053
0.0005905
0.0011474
0.0056362
0.0037142
0.0007712
0.0013531
0.0060484
0.0011459
0.0050817
0.0047423
0.0037408
0.0044795
0.006636
0.0009584
0.005573
0.0031913
0.0044715
0.0007871
0.0070355
0.0041387
0.0016736
0.006436
0.0077409
0.006417
0.0057187
0.0009404
0.0036202
0.0020423
0.0055865
0.0025905
0.0076744
0.0061192
0.0070333
0.0011042
0.0007881
0.0039814
0.0035611
0.0007463
0.0036419
0.0010826
0.0021371
0.0076266
0.0045389
0.0013122
0.0013927
0.0029692
0.0009279
0.0020031
0.0008308
0.0047177
0.003706
0.0019612
0.0023766
0.0065015
0.0040273
0.0066949
0.0009199
0.0035529
0.0059823
0.0076367
0.0008475
0.0101919
0.0039602
0.0074849
0.0041111
0.0021075
0.0008898
0.0018259
0.0045276
0.0010491
0.004359
0.0010151
0.0098822
0.000768
0.0037794
0.0030128
0.0042179
0.0046879
0.003999
0.0022516
0.0060076
0.0008598
0.0017697
0.0014502
0.0053953
0.000958
0.0067114
0.00131
0.0074046
0.0015138
2.1e-06
0.00658
0.0009125
0.0076433
0.0027078
0.0051398
0.0098521
0.0059699
0.0061415
0.0016998
0.0012865
0.0062463
0.0025712
0.000563
0.0066488
0.0059626
0.0042217
0.000816
0.0086699
0.0038622
0.0082937
0.0038198
0.0038207
0.0054703
0.0008319
0.0007545
0.0045403
0.0044166
0.001027
0.0034546
0.0014013
0.0061337
0.0083133
0.003041
0.0010689
0.0022342
0.0015477
0.0092752
0.0094502
0.0055243
0.002174
0.00098
0.0074269
0.0015423
0.0019936
0.0008584
0.0053213
0.0007903
0.001
0.0056583
0.0036641
0.0009596
0.0008665
0.0015112
0.0030216
0.0029696
0.0006835
0.0045244
0.0066316
0.0043878
0.0007271
0.0056282
0.003549
0.0034216
0.004297
0.0019256
0.0009923
0.0038376
0.0008182
0.0068914
0.0044933
0.0018455
0.0061156
0.001265
0.0009021
0.0018839
0.0008714
0.0052658
0.0065137
0.0061154
0.0040331
0.0064522
0.00454
0.0011152
0.0055859
0.0009817
0.0007661
0.0037972
0.0017023
0.0048312
0.0051347
0.0041889
0.0063859
1.11e-05
0.0060152
0.0007944
0.0009075
0.0008347
0.0045793
0.0019277
0.0008177
0.005953
0.0051656
0.0058455
0.0065033
0.0026113
0.0007418
0.0015773
0.0012381
0.0001151
0.0012896
0.0038054
0.0020179
0.0014211
0.0011072
0.0012895
0.0020421
0.0042638
0.0055095
0.0008891
0.0046748
0.0028217
0.0011003
0.0048148
0.0077692
0.0054677
0.0002229
0.0028399
0.0048094
0.0041347
0.0055662
0.0095513
0.0009881
0.0037156
0.0041379
0.0084157
0.0004145
0.0016707
0.0105967
0.0057624
0.004786
0.0036629
0.0023628
0.003836
0.0033328
0.0024331
0.0035191
0.0030819
0.0049385
0.001214
0.0038163
0.0040436
0.0020544
0.000932
0.0054067
0.0041487
0.001002
0.0042361
0.0076472
0.001852
0.0007995
0.0074034
0.0021635
0.0008495
0.0023285
0.0020647
0.0023624
0.001332
0.0009223
0.0046921
0.0018153
0.0049413
0.0067522
0.0042233
0.0043933
0.0039421
0.001129
3.02e-05
0.0009312
0.0081821
0.0022056
0.0066776
0.0015522
0.0037168
0.0023649
0.000809
0.0053897
0.0058653
0.0045075
0.0057836
0.0008297
0.0033662
0.0076096
0.0064407
0.0049494
0.0008922
0.0042134
0.0031965
0.0048943
0.0028823
0.0042994
0.0008069
0.0067831
0.0028465
0.0030171
0.0037093
0.0070913
0.0009386
0.0063842
0.0035879
0.0011096
0.004006
0.0034536
0.0038477
1.32e-05
0.0045941
0.0005551
0.0041167
0.0014523
0.0078285
0.000895
0.0036433
0.0060254
0.0053134
0.0002346
0.006412
0.0009791
0.0029527
0.0035099
0.0074835
0.0008434
0.0042527
0.0040242
0.0040801
0.0031896
0.0010578
0.0081318
0.0008237
0.0055697
0.0008219
0.0026471
0.0020033
0.0008387
0.0011732
0.0009093
0.0032629
0.0044179
0.0022402
0.0013228
0.0034927
0.0053745
0.0037588
0.00606
0.0077064
0.0054517
0.0066522
0.0024599
0.0056396
0.003614
0.0013981
0.0011196
0.0042162
0.0053863
0.0053735
0.0053191
0.0011202
0.0035962
0.0072897
0.0037917
0.0038985
0.0053948
0.005073
0.0013408
0.0062142
0.0039599
0.001006
0.0058768
0.0048132
0.0017266
0.0043258
0.0011076
0.0044575
0.0023955
0.0014414
0.004811
0.0053495
0.0016684
0.0008393
0.0031442
0.0010391
0.0018549
0.0038693
0.000293
0.0037798
0.0042776
0.0007426
0.0051328
0.0073275
0.0024104
0.0008002
0.007977
7.31e-05
0.0034872
0.001178
0.0007294
0.0038981
0.0017264
0.0008167
0.0037016
0.0061362
0.0047379
0.0064317
0.0056072
0.0040539
0.0055222
0.0059019
0.0008972
0.0008225
0.0038944
0.0016114
0.0008038
0.003868
0.0055299
0.0037549
0.0057432
0.0074592
0.0008004
0.0010919
0.001152
0.0020472
0.0008669
0.0037999
0.0016712
0.0010749
0.0070136
0.0054832
0.0036718
0.002049
0.0044147
0.0009128
9.36e-05
0.0023951
0.0096198
0.0062757
0.002411
0.0043828
0.0008236
0.0034464
0.0054311
0.0008041
0.0009954
0.0108093
0.0041326
