3.7e-05
0.0005818
5.69e-05
8.7e-06
7.58e-05
2.27e-05
0.0002065
4.5e-06
0.0008975
8.02e-05
0.0002785
6.6e-05
0.000143
1.34e-05
3.83e-05
0.0005299
1.98e-05
0.000775
0.000164
0.0002678
1.85e-05
1.6e-05
0.0001724
2.2e-06
0.0001487
0.0001092
0.0001364
1.2e-05
0.0001006
4.4e-06
0.0001791
0.0002353
7.1e-06
0.0004364
0.0002916
2.1e-06
0.0007251
6.5e-05
3.33e-05
5.86e-05
4.4e-06
1.08e-05
0.0004461
7.75e-05
0.0004137
0.000413
0.0001559
0.0006099
7.34e-05
2.81e-05
0.0001185
0.0006195
9.67e-05
1.19e-05
0.000237
0.0002257
0.0002522
1.26e-05
0.0007215
0.0001179
0.0001719
3.8e-06
0.0001807
4.7e-06
0.00078
0.0005821
5.8e-06
9.26e-05
3.9e-06
0.0007015
8.4e-06
1.32e-05
0.0006769
6.42e-05
1.4e-05
0.0006082
0.0001398
1.89e-05
0.0004288
5.71e-05
0.0005217
7.8e-06
5.8e-06
1.18e-05
0.0001039
4.28e-05
2.1e-06
4.91e-05
2.63e-05
0.0001142
3e-05
5.33e-05
6.91e-05
2.56e-05
0.0002096
0.0005958
0.0002535
2.45e-05
1.69e-05
1.31e-05
9.83e-05
2.83e-05
2.97e-05
6.9e-05
7.04e-05
0.0001297
9.92e-05
1.31e-05
5.53e-05
2.09e-05
3.21e-05
1.17e-05
0.0001588
1.95e-05
8.83e-05
0.0014336
0.0004911
0.0003315
2.74e-05
3.57e-05
8.6e-06
0.0003104
0.0007862
1.73e-05
0.0005489
5.52e-05
0.0002806
8.59e-05
2.3e-06
0.000621
0.000332
7.81e-05
0.000118
9.1e-06
0.0002692
2.17e-05
1.29e-05
8.1e-06
2.81e-05
2.88e-05
2.82e-05
0.0001513
4.7e-06
1.42e-05
6.41e-05
7.88e-05
5.29e-05
0.0001336
2.79e-05
2.5e-05
1.64e-05
9.94e-05
8.22e-05
5.55e-05
0.0001515
3.8e-06
0.0005687
1.31e-05
0.0002926
0.0009858
4.4e-06
3.13e-05
1.56e-05
9.42e-05
6.49e-05
3.82e-05
0.0003871
5e-06
0.0002337
1.99e-05
8.81e-05
3.6e-06
4.6e-06
8.79e-05
0.0002771
1.8e-05
1.9e-06
8.67e-05
5.84e-05
0.0002488
1.62e-05
1.14e-05
9.76e-05
0.0004745
0.0002715
0.0007653
0.0007235
0.0007304
4.27e-05
2.79e-05
0.0001523
0.0001036
5.87e-05
0.0001771
1.39e-05
7.47e-05
7.6e-05
3.74e-05
6.8e-06
9.8e-06
0.0002042
7.1e-06
3.32e-05
0.0003612
0.0001515
0.0001281
7.4e-06
6.27e-05
0.0001283
2.93e-05
0.0009157
1.5e-05
0.0003019
1.55e-05
0.000292
3.6e-06
0.0006047
8.58e-05
0.000117
0.0001446
7.75e-05
0.0002701
0.0001059
0.0001406
0.0001417
2.74e-05
1.97e-05
0.0007181
5.55e-05
2.4e-06
9.98e-05
0.000119
3.04e-05
2.2e-06
7e-06
0.0008081
2e-06
1.55e-05
4.21e-05
0.0001671
0.0001025
0.0009671
0.0003661
7.63e-05
0.0002177
0.0001952
5.44e-05
2.34e-05
2.71e-05
0.0003479
2.44e-05
2e-06
0.0001098
5.1e-05
4.06e-05
9.31e-05
0.0001733
1.44e-05
0.0003968
0.0006883
6.14e-05
1.26e-05
6.84e-05
0.0001547
4.83e-05
2.66e-05
0.0001159
0.0007267
0.0001103
0.0006996
0.0003328
0.0002366
0.0007374
0.0001237
3.81e-05
0.0007129
3.57e-05
0.0001403
2.2e-06
6.93e-05
0.0007281
0.0008665
6.75e-05
0.0001457
7.82e-05
1.11e-05
2.63e-05
0.0006197
5.8e-06
1.5e-05
0.0008442
0.0001142
0.0006831
7.75e-05
1.72e-05
2.08e-05
7.5e-06
7.7e-05
2.2e-06
4e-06
3.6e-06
0.0007638
9.85e-05
3.44e-05
0.0001757
0.0001388
0.0002274
5.8e-05
0.000637
0.0003773
4.97e-05
7.63e-05
0.0004805
4.99e-05
5.64e-05
0.0001602
9.13e-05
5.53e-05
0.0006597
0.0003563
0.0001127
4.1e-06
0.0001868
0.0002132
0.0001392
0.0006232
5.17e-05
2.98e-05
0.0003515
0.0004902
0.0001434
0.0001362
7.31e-05
0.0002981
1.3e-05
0.0001607
3.44e-05
0.001272
2.15e-05
2.54e-05
0.0007806
4.4e-06
0.0001517
0.0003237
9.99e-05
0.0001842
7.73e-05
1.17e-05
0.0001125
0.0001632
0.0006585
0.0001626
9.88e-05
0.0003601
1.9e-06
0.0002185
0.0001219
0.0005946
2.58e-05
5.33e-05
1.39e-05
9.41e-05
0.0001082
4.37e-05
0.0001967
3.7e-06
2.75e-05
4.1e-06
0.0005103
4.83e-05
2.89e-05
2.38e-05
2.43e-05
1.24e-05
3.53e-05
0.0004441
1.14e-05
9e-06
6.42e-05
7.78e-05
8.57e-05
5.6e-06
6.76e-05
5.14e-05
0.0001446
7.03e-05
0.0001085
7.21e-05
0.0005609
2e-06
0.0001017
3.32e-05
6.1e-06
7.66e-05
4.35e-05
0.0001695
4.2e-06
0.0001928
1.79e-05
2.14e-05
2.3e-05
3.87e-05
2.46e-05
0.0006799
0.0001071
5.6e-06
0.0005452
0.000148
0.000639
2e-05
0.0004984
0.0006823
0.000148
9e-06
0.0001878
0.0007743
0.0001396
0.0002797
0.0001656
4.1e-06
0.0004595
0.0004401
0.0001401
8.25e-05
2.27e-05
1.8e-06
6.7e-06
0.0002476
2.4e-05
5.24e-05
9.89e-05
6.95e-05
5.59e-05
5.22e-05
0.0001261
0.0003017
3.9e-06
0.0002175
0.000662
1.19e-05
0.0002133
2.52e-05
7.19e-05
0.0001163
2.51e-05
3e-05
0.0001099
0.0006719
0.0007021
0.000572
4.81e-05
0.0001559
4.1e-06
0.0008591
0.0007263
5e-06
0.0006748
0.0006521
0.0004858
0.0003093
7.1e-06
9.92e-05
0.0003309
2.3e-06
0.0003643
3.33e-05
0.000195
0.000176
1.9e-06
0.0001182
1.11e-05
0.0001271
0.0001689
5.26e-05
0.0005297
1.06e-05
5.62e-05
6.79e-05
0.0006937
0.0005813
6.3e-06
8.8e-06
3.86e-05
4.54e-05
0.0007067
1.08e-05
1.91e-05
4.1e-06
6.86e-05
3.8e-06
0.0001235
0.0013916
0.0003574
4.23e-05
0.0001443
9.2e-05
0.0006806
8.2e-05
0.000382
6.83e-05
5.74e-05
2.12e-05
0.0004037
0.0005962
3.4e-06
0.0007438
4.99e-05
0.0002954
0.0001594
3.9e-06
2.56e-05
1.15e-05
6.68e-05
0.0001113
0.000253
0.0001551
2.1e-06
0.0001463
5.66e-05
0.000177
0.0001137
7.12e-05
0.0011773
0.0001135
0.0003181
6.74e-05
7.2e-06
0.0001887
3.9e-06
5.21e-05
4.44e-05
0.0001151
1.39e-05
0.0003707
0.0002445
1.61e-05
2.65e-05
6.5e-06
5.3e-05
0.0004883
0.0001462
0.0001937
7.18e-05
2.51e-05
0.0003207
0.0002031
2.67e-05
7.2e-05
0.0001018
5.11e-05
1.16e-05
0.0001011
0.0003043
0.0008979
3.6e-05
8.09e-05
0.0001072
0.0007783
0.0002744
2.54e-05
2.88e-05
0.0002931
0.000534
9.78e-05
0.0001023
0.0001176
8.14e-05
0.0002483
0.0004127
0.0001155
0.0002437
0.000203
0.0004426
0.0002498
0.0001064
5.9e-06
0.0005737
8.63e-05
0.0001385
2.2e-05
0.0001326
2.37e-05
0.0005805
1.8e-06
0.0002215
2.26e-05
1.46e-05
0.0001962
0.0003262
0.0002046
0.0005275
7.66e-05
1.18e-05
1.9e-06
0.0005986
5.28e-05
0.000273
0.0006981
2.52e-05
7.6e-06
5.16e-05
0.0003412
1.02e-05
2.3e-06
0.0002329
0.0007286
4.92e-05
2.39e-05
0.0001986
0.0006682
0.0004298
0.0001867
2.36e-05
6.2e-06
5.42e-05
8.2e-06
3.94e-05
5.3e-05
0.0003671
5.13e-05
5.1e-06
9.45e-05
0.0002501
7.38e-05
0.0002783
1.34e-05
0.0006365
7.35e-05
9.45e-05
2.6e-05
0.0006061
1.16e-05
0.0004445
0.0002742
0.0001702
6.7e-06
5.26e-05
0.0001888
3.55e-05
0.0001635
0.0010803
4.5e-06
0.0001088
1.26e-05
6.68e-05
0.0001981
7.79e-05
0.0004376
0.0007281
0.0001162
4.1e-06
1.61e-05
2.35e-05
1.64e-05
1.15e-05
1.39e-05
7.02e-05
5.85e-05
3.29e-05
0.000575
0.0006937
2.57e-05
3.6e-06
1.2e-05
4.3e-06
3.74e-05
2.1e-06
5.9e-06
1.2e-05
1.26e-05
0.0002208
1.27e-05
1.38e-05
1.48e-05
9.6e-06
0.0001614
0.0004136
4e-06
1.12e-05
2.13e-05
2.68e-05
4.2e-06
0.0003231
4.1e-06
4.95e-05
2.3e-06
1.07e-05
7.44e-05
5.7e-06
3.33e-05
6.08e-05
0.0007043
4e-06
1.49e-05
2e-06
0.0002283
2.03e-05
6.79e-05
9.1e-05
2.31e-05
0.0001033
2.53e-05
4.9e-05
0.0012802
7.04e-05
4.75e-05
0.0003541
0.0001014
9.34e-05
0.0001511
1.9e-06
0.0001024
4.4e-06
3.9e-05
5.43e-05
0.0002636
0.0003818
8.26e-05
0.0012198
4.8e-06
0.0006201
0.0001458
2.54e-05
0.0002968
4.84e-05
2.16e-05
4.4e-06
1.49e-05
1.31e-05
7.13e-05
4e-06
0.0001654
0.0002089
0.0015153
7.15e-05
0.0001116
5.21e-05
0.0001493
0.0001178
9.73e-05
0.0006318
4.39e-05
0.0004401
2e-06
4.94e-05
9.57e-05
0.0001052
5.35e-05
0.0001123
3.33e-05
0.0002848
0.0001144
0.0001415
2.45e-05
0.0002953
0.0006786
0.0013926
0.0003424
8.03e-05
0.0002552
4.2e-06
0.0002881
0.0001105
7.2e-05
0.0001226
3.6e-06
0.0001262
4.78e-05
5.6e-06
0.0006939
3.9e-06
1.79e-05
9.64e-05
0.0007578
0.0007155
0.0001113
2.2e-06
3.81e-05
7.4e-06
5.6e-06
7.92e-05
0.0004688
2.29e-05
0.0009069
0.0001067
4.49e-05
0.0001404
1.32e-05
4.82e-05
0.0002403
9.56e-05
5.93e-05
5.46e-05
5.25e-05
6.82e-05
2.72e-05
0.0006759
1.71e-05
8.31e-05
1.44e-05
0.0003065
8.6e-06
2.33e-05
8.34e-05
0.0001879
1.8e-06
1.4e-05
1.52e-05
0.0002284
5.31e-05
4.85e-05
0.0007437
0.0002044
0.0002064
0.0003995
5.9e-06
0.000205
0.0008581
0.0009125
0.0001469
7.12e-05
5.44e-05
5.62e-05
5.7e-05
0.0006413
2.84e-05
6.3e-05
0.0002243
3.38e-05
0.0001618
7.64e-05
5.84e-05
3.31e-05
9.46e-05
0.0003437
0.0002483
1.75e-05
0.0001218
0.0001095
7.89e-05
0.0001012
2.55e-05
0.0001256
7.34e-05
0.0008897
5e-05
0.0006452
8.02e-05
0.0005896
1.58e-05
0.0001008
5.9e-06
4.92e-05
1.25e-05
4.54e-05
2.62e-05
0.0002214
0.0001593
1.74e-05
8.08e-05
3.37e-05
0.000654
0.0003754
0.0007605
4.93e-05
0.000108
4.88e-05
0.0004549
0.000264
2.54e-05
0.0003342
0.0006037
0.0001488
0.0001225
0.000401
7.36e-05
1.75e-05
4.78e-05
7.01e-05
0.0001004
8e-06
7.11e-05
0.0001568
0.0003476
5.67e-05
1.42e-05
0.0002209
0.000268
0.0003183
7.68e-05
5.3e-06
7.68e-05
0.0002632
0.0001519
0.0001619
0.0002354
0.0001862
3.6e-06
5.16e-05
0.0001633
3.58e-05
0.0001121
0.000148
0.0002498
2.04e-05
0.0006328
8.6e-06
0.0002066
1.14e-05
6.7e-06
3.4e-06
4e-06
5.14e-05
5.14e-05
3.52e-05
7.71e-05
7.84e-05
1.33e-05
8.75e-05
3.44e-05
4.4e-06
1.62e-05
0.0005589
1.87e-05
1.15e-05
4.1e-06
7.4e-06
2e-06
0.0003891
0.0005386
0.0001004
6.42e-05
4.99e-05
7.26e-05
6.6e-05
0.0001134
0.0008862
1.9e-06
1.8e-06
0.0003393
0.0003013
0.0001752
2.1e-06
0.0001439
3.02e-05
1.03e-05
4.71e-05
0.0001484
0.0006726
5.06e-05
6.3e-06
0.0002972
0.0002784
0.0001175
0.000704
6.86e-05
1.92e-05
7e-06
1.6e-05
3.77e-05
0.0001028
0.0001314
0.0001143
0.0003875
0.0001408
7.6e-06
4.3e-06
1.7e-05
1.5e-05
4.2e-06
0.0001496
1.24e-05
7.47e-05
0.0006852
0.0007515
2.41e-05
1.15e-05
5.59e-05
5.99e-05
0.0008361
0.0001078
6.5e-06
1.97e-05
7.6e-05
1.2e-05
7.9e-06
3.5e-06
0.0009785
1.68e-05
0.0002153
0.0001819
0.0008005
1.23e-05
0.0002552
7.8e-06
0.0001536
0.0003273
0.0014583
2.37e-05
0.00068
